0 0.503125 0.5390625 0.009375 0.0140625
0 0.5234375 0.58125 0.0125 0.0140625
0 0.571875 0.53046875 0.0109375 0.01171875
0 0.609375 0.51328125 0.0125 0.0140625
0 0.60078125 0.5640625 0.00625 0.009375
0 0.6140625 0.565625 0.009375 0.01015625
0 0.60625 0.58515625 0.0125 0.01328125
0 0.5859375 0.621875 0.009375 0.01171875
0 0.59765625 0.65 0.0109375 0.0140625
0 0.57421875 0.659375 0.009375 0.0109375
0 0.57421875 0.67734375 0.009375 0.00859375
0 0.4390625 0.665625 0.0078125 0.01171875
0 0.50859375 0.690625 0.0125 0.015625
0 0.33359375 0.65625 0.00703125 0.01015625
0 0.45625 0.665625 0.01015625 0.0125
0 0.67421875 0.6390625 0.0078125 0.0109375
0 0.67109375 0.61484375 0.00703125 0.00859375
0 0.69609375 0.55078125 0.0109375 0.0125
0 0.67890625 0.59765625 0.0078125 0.00859375
0 0.70078125 0.59140625 0.01015625 0.01484375
0 0.746875 0.6046875 0.00859375 0.01171875
0 0.76171875 0.578125 0.0078125 0.0109375
0 0.6859375 0.7296875 0.009375 0.01015625
0 0.69375 0.740625 0.01171875 0.0109375
0 0.7140625 0.75390625 0.00703125 0.01015625
0 0.7203125 0.71484375 0.009375 0.0109375
0 0.77265625 0.696875 0.00703125 0.01171875
0 0.7671875 0.7140625 0.01015625 0.0109375
0 0.79765625 0.728125 0.009375 0.0125
0 0.77265625 0.74609375 0.00703125 0.01015625
0 0.75625 0.77578125 0.00859375 0.0109375
0 0.7390625 0.7875 0.00859375 0.009375
0 0.6734375 0.8234375 0.00859375 0.009375
0 0.8609375 0.73828125 0.009375 0.0109375
0 0.90234375 0.25390625 0.0125 0.01328125
0 0.84140625 0.340625 0.01171875 0.01484375
0 0.82578125 0.3109375 0.0109375 0.01484375
0 0.78125 0.33359375 0.0078125 0.01328125
0 0.81953125 0.33046875 0.01015625 0.01328125
0 0.846875 0.43828125 0.0109375 0.01484375
0 0.7734375 0.36953125 0.01015625 0.0125
0 0.565625 0.2453125 0.0140625 0.01171875
0 0.6234375 0.20859375 0.0078125 0.01328125
0 0.51640625 0.20390625 0.0125 0.0171875
0 0.54140625 0.25859375 0.01015625 0.01328125
0 0.4078125 0.24609375 0.01015625 0.01484375
0 0.8140625 0.015625 0.01171875 0.0125
0 0.7484375 0.05859375 0.01171875 0.0109375
0 0.7265625 0.06640625 0.009375 0.0109375
0 0.70625 0.08046875 0.0109375 0.0125
0 0.6484375 0.07578125 0.01640625 0.01796875
0 0.45 0.03125 0.00859375 0.009375
0 0.49453125 0.04140625 0.0078125 0.00859375
0 0.5046875 0.00390625 0.0078125 0.0078125
0 0.3671875 0.1875 0.0078125 0.01015625
0 0.525 0.875 0.01015625 0.01328125
0 0.390625 0.79375 0.00859375 0.0109375