0 0.2796875 0.15546875 0.0171875 0.021875
0 0.35 0.1484375 0.01875 0.0171875
0 0.45078125 0.19140625 0.015625 0.0234375
0 0.3671875 0.2359375 0.0171875 0.0203125
0 0.21015625 0.58046875 0.0203125 0.021875
0 0.20859375 0.51015625 0.01875 0.028125
0 0.3890625 0.6796875 0.0171875 0.025
0 0.30859375 0.7546875 0.015625 0.01875
0 0.484375 0.52421875 0.0125 0.0234375
0 0.33828125 0.496875 0.0171875 0.0203125
0 0.6296875 0.50390625 0.0140625 0.0171875
0 0.6359375 0.5515625 0.0109375 0.0125
0 0.69140625 0.5515625 0.0109375 0.0203125
0 0.625 0.478125 0.009375 0.0109375
0 0.65546875 0.45234375 0.0109375 0.0140625
0 0.6765625 0.44921875 0.0125 0.015625
0 0.58046875 0.41953125 0.0140625 0.0140625
0 0.4953125 0.40078125 0.0140625 0.0140625
0 0.58984375 0.259375 0.009375 0.015625
0 0.61171875 0.2421875 0.0109375 0.0171875
0 0.61015625 0.1671875 0.0125 0.0140625
0 0.775 0.234375 0.0109375 0.0171875
0 0.86015625 0.47890625 0.0125 0.021875
0 0.828125 0.553125 0.009375 0.0171875
0 0.59140625 0.575 0.0109375 0.0125
0 0.68046875 0.615625 0.0109375 0.01875
0 0.665625 0.60625 0.009375 0.0171875
0 0.66171875 0.65703125 0.0109375 0.015625
0 0.7140625 0.684375 0.009375 0.0203125
0 0.71953125 0.671875 0.0078125 0.0140625
0 0.77734375 0.7265625 0.0140625 0.01875
0 0.653125 0.65703125 0.00625 0.009375
0 0.6578125 0.64140625 0.00625 0.0125
0 0.61796875 0.625 0.0046875 0.009375
0 0.36875 0.41875 0.015625 0.01875
0 0.353125 0.75546875 0.0109375 0.0125
0 0.32265625 0.77265625 0.021875 0.021875