0 0.33359375 0.02109375 0.00546875 0.00625
0 0.23984375 0.071875 0.00546875 0.0078125
0 0.21484375 0.12734375 0.00703125 0.0078125
0 0.23828125 0.23828125 0.00546875 0.0046875
0 0.365625 0.3578125 0.00625 0.0078125
0 0.17421875 0.59453125 0.00546875 0.00703125
0 0.41015625 0.66640625 0.0046875 0.00703125
0 0.42578125 0.68046875 0.00546875 0.00703125
0 0.53984375 0.5875 0.0046875 0.009375
0 0.72890625 0.55 0.00625 0.00625
0 0.55078125 0.296875 0.00703125 0.00859375
0 0.62109375 0.28984375 0.0078125 0.009375
0 0.60390625 0.2046875 0.0078125 0.01171875
0 0.828125 0.05546875 0.01015625 0.01015625
0 0.1875 0.14296875 0.003125 0.00625
0 0.66171875 0.628125 0.00234375 0.00390625
0 0.6109375 0.1109375 0.003125 0.00390625