0 0.1671875 0.12890625 0.01328125 0.01796875
0 0.2984375 0.24609375 0.0125 0.015625
0 0.28515625 0.22109375 0.01171875 0.0171875
0 0.3265625 0.16171875 0.0078125 0.0109375
0 0.35859375 0.16796875 0.01875 0.0140625
0 0.3859375 0.2296875 0.0125 0.02265625
0 0.5015625 0.303125 0.015625 0.01875
0 0.4546875 0.3140625 0.01328125 0.015625
0 0.58125 0.334375 0.01328125 0.02109375
0 0.61640625 0.35703125 0.01171875 0.0171875
0 0.57734375 0.36171875 0.0109375 0.0109375
0 0.55625 0.37890625 0.015625 0.02265625
0 0.571875 0.39921875 0.0125 0.01640625
0 0.659375 0.38359375 0.01484375 0.0265625
0 0.62734375 0.42109375 0.01171875 0.01640625
0 0.6890625 0.35625 0.00859375 0.0140625
0 0.72734375 0.3875 0.015625 0.0203125
0 0.67265625 0.40625 0.00859375 0.0109375
0 0.70390625 0.39375 0.00625 0.0125
0 0.725 0.503125 0.01640625 0.01953125
0 0.63671875 0.4703125 0.0125 0.0125
0 0.5203125 0.45859375 0.00859375 0.015625
0 0.503125 0.453125 0.00703125 0.01015625
0 0.51171875 0.45390625 0.0109375 0.0125
0 0.55078125 0.484375 0.00859375 0.0140625
0 0.603125 0.45234375 0.00625 0.01171875
0 0.50625 0.40703125 0.0140625 0.015625
0 0.475 0.41328125 0.009375 0.0140625
0 0.48515625 0.44296875 0.009375 0.01796875
0 0.46484375 0.42734375 0.01328125 0.015625
0 0.465625 0.4125 0.0078125 0.01484375
0 0.46328125 0.37890625 0.01015625 0.01484375
0 0.4390625 0.39921875 0.009375 0.0125
0 0.42421875 0.3796875 0.00703125 0.0125
0 0.3921875 0.46484375 0.00703125 0.0125
0 0.45390625 0.4578125 0.0078125 0.01015625
0 0.440625 0.4375 0.02578125 0.015625
0 0.48671875 0.50703125 0.0078125 0.0125
0 0.55625 0.5296875 0.009375 0.0140625
0 0.54296875 0.51328125 0.00859375 0.015625
0 0.6015625 0.55390625 0.00703125 0.01328125
0 0.5890625 0.5375 0.009375 0.0109375
0 0.61171875 0.5234375 0.00703125 0.009375
0 0.6 0.51328125 0.00625 0.01171875
0 0.63671875 0.55859375 0.00625 0.01015625
0 0.6390625 0.5484375 0.00625 0.009375
0 0.6546875 0.57734375 0.00703125 0.0125
0 0.6578125 0.565625 0.0171875 0.0171875
0 0.6703125 0.55 0.00625 0.0140625
0 0.6296875 0.578125 0.00703125 0.0109375
0 0.6484375 0.59609375 0.00859375 0.01171875
0 0.63125 0.61796875 0.00859375 0.0125
0 0.64609375 0.61796875 0.00703125 0.01015625
0 0.665625 0.61640625 0.00703125 0.0109375
0 0.6546875 0.628125 0.00546875 0.009375
0 0.659375 0.64765625 0.0078125 0.0125
0 0.54765625 0.615625 0.0171875 0.01640625
0 0.57421875 0.62265625 0.0109375 0.0125
0 0.565625 0.5890625 0.0078125 0.01171875
0 0.39296875 0.571875 0.01875 0.0140625
0 0.4296875 0.76640625 0.01171875 0.0140625
0 0.5984375 0.6453125 0.009375 0.0109375
0 0.6078125 0.63203125 0.021875 0.0140625
0 0.6921875 0.69453125 0.0140625 0.01015625
0 0.65 0.74375 0.01171875 0.0140625
0 0.6484375 0.76953125 0.01015625 0.01015625
0 0.67109375 0.75703125 0.01171875 0.01484375
0 0.58046875 0.7578125 0.01484375 0.01171875
0 0.5859375 0.71328125 0.0109375 0.01328125
0 0.5890625 0.690625 0.01171875 0.01015625
0 0.5703125 0.7109375 0.0125 0.01171875
0 0.56640625 0.72734375 0.01328125 0.0109375
0 0.55390625 0.7453125 0.01328125 0.01171875
0 0.5359375 0.728125 0.0140625 0.0125
0 0.5078125 0.72734375 0.0125 0.0140625
0 0.49453125 0.7453125 0.0078125 0.0078125
0 0.52890625 0.7546875 0.01015625 0.00859375
0 0.515625 0.85546875 0.01015625 0.0109375
0 0.48984375 0.834375 0.009375 0.01015625
0 0.47109375 0.78828125 0.00625 0.0109375
0 0.540625 0.9140625 0.00703125 0.0125
0 0.5484375 0.95625 0.0078125 0.0140625
0 0.53671875 0.92734375 0.00625 0.0109375
0 0.61640625 0.86953125 0.0078125 0.01015625
0 0.58359375 0.84453125 0.00859375 0.01484375
0 0.59140625 0.83203125 0.01015625 0.0140625
0 0.59609375 0.98828125 0.00625 0.01171875
0 0.59296875 0.99453125 0.0078125 0.00859375
0 0.615625 0.99375 0.00625 0.00859375
0 0.64140625 0.9515625 0.009375 0.015625
0 0.6296875 0.93984375 0.0078125 0.01015625
0 0.60703125 0.9234375 0.00703125 0.00859375
0 0.64375 0.89921875 0.009375 0.01328125
0 0.65078125 0.875 0.01484375 0.015625
0 0.3546875 0.9703125 0.00703125 0.01171875
0 0.4015625 0.95078125 0.0078125 0.01015625
0 0.45546875 0.92578125 0.00859375 0.01328125
0 0.48125 0.946875 0.0171875 0.0140625
0 0.43359375 0.96484375 0.01015625 0.01484375
0 0.409375 0.96875 0.0078125 0.01328125
0 0.34375 0.85625 0.00859375 0.0125
0 0.39453125 0.86171875 0.0078125 0.01328125
0 0.3765625 0.78359375 0.009375 0.015625
0 0.3296875 0.80625 0.00625 0.0109375
0 0.33828125 0.8 0.0078125 0.00859375
0 0.3265625 0.765625 0.00625 0.01328125
0 0.38984375 0.7421875 0.0078125 0.01328125
0 0.425 0.721875 0.00859375 0.01484375
0 0.37421875 0.69296875 0.0078125 0.01015625
0 0.38671875 0.6859375 0.009375 0.0234375
0 0.4015625 0.68671875 0.00625 0.0125
0 0.42890625 0.69296875 0.0078125 0.0109375
0 0.41953125 0.684375 0.009375 0.0140625
0 0.44765625 0.68828125 0.00703125 0.01015625
0 0.46953125 0.68828125 0.00859375 0.015625
0 0.490625 0.6734375 0.01484375 0.0140625
0 0.4953125 0.63984375 0.0078125 0.0109375
0 0.51484375 0.634375 0.00859375 0.01328125
0 0.3859375 0.63984375 0.0078125 0.01171875
0 0.34765625 0.596875 0.00859375 0.0125
0 0.32890625 0.62421875 0.009375 0.01484375
0 0.43828125 0.59609375 0.00703125 0.01328125
0 0.41640625 0.58671875 0.00625 0.0140625
0 0.46484375 0.57890625 0.0078125 0.0125
0 0.509375 0.56171875 0.00703125 0.01328125
0 0.53046875 0.56875 0.009375 0.0140625
0 0.52109375 0.55390625 0.0078125 0.0140625
0 0.584375 0.57890625 0.009375 0.015625
0 0.384375 0.4984375 0.01328125 0.009375
0 0.36796875 0.37421875 0.0078125 0.01171875
0 0.36640625 0.40546875 0.01015625 0.02109375
0 0.35625 0.42578125 0.009375 0.01484375
0 0.42109375 0.409375 0.021875 0.02421875
0 0.3515625 0.2796875 0.0109375 0.01171875
0 0.340625 0.29765625 0.01015625 0.015625
0 0.5234375 0.20859375 0.009375 0.01640625
0 0.3515625 0.18984375 0.00546875 0.01171875
0 0.36328125 0.1921875 0.00546875 0.01015625
0 0.38984375 0.17578125 0.00703125 0.0109375
0 0.440625 0.20078125 0.00859375 0.01171875
0 0.459375 0.13671875 0.00625 0.009375
0 0.6609375 0.428125 0.0078125 0.01171875
0 0.65 0.44375 0.0078125 0.00859375
0 0.715625 0.428125 0.00859375 0.0140625
0 0.6875 0.421875 0.0140625 0.0140625
0 0.7015625 0.4484375 0.009375 0.0171875
0 0.71796875 0.46953125 0.01328125 0.025
0 0.753125 0.44296875 0.01015625 0.0140625
0 0.7609375 0.421875 0.01171875 0.0140625
0 0.74453125 0.43046875 0.00703125 0.0125
0 0.7953125 0.4265625 0.0125 0.03515625
0 0.75078125 0.4015625 0.0078125 0.0125
0 0.70859375 0.3421875 0.00859375 0.0125
0 0.71640625 0.36640625 0.0109375 0.01796875
0 0.7015625 0.36953125 0.009375 0.0125
0 0.67265625 0.37265625 0.00859375 0.0125
0 0.87578125 0.42890625 0.01484375 0.02265625
0 0.725 0.65390625 0.01171875 0.01328125
0 0.6953125 0.8484375 0.009375 0.015625
0 0.72578125 0.87265625 0.009375 0.015625
0 0.67734375 0.803125 0.01015625 0.021875
0 0.66328125 0.790625 0.0109375 0.01015625
0 0.64609375 0.79921875 0.01328125 0.01171875
0 0.6359375 0.8140625 0.009375 0.01015625
0 0.78984375 0.80546875 0.00703125 0.015625
0 0.778125 0.8109375 0.00859375 0.0125
0 0.77265625 0.8328125 0.00546875 0.0109375
0 0.7875 0.8359375 0.009375 0.01953125
0 0.76484375 0.8078125 0.0078125 0.01328125
0 0.7265625 0.99296875 0.0078125 0.01328125
0 0.775 0.925 0.00859375 0.01640625
0 0.77578125 0.9375 0.00625 0.00859375
0 0.80234375 0.9421875 0.00703125 0.01015625
0 0.76328125 0.89609375 0.01015625 0.01171875
0 0.740625 0.9 0.00625 0.01171875
0 0.8234375 0.85078125 0.00859375 0.0125
0 0.8109375 0.85859375 0.00859375 0.009375
0 0.89921875 0.40859375 0.01015625 0.01171875
0 0.9296875 0.4140625 0.0078125 0.0109375
0 0.90703125 0.38046875 0.01015625 0.0140625
0 0.99140625 0.3328125 0.01171875 0.0140625
0 0.928125 0.3578125 0.01015625 0.0109375
0 0.940625 0.35859375 0.009375 0.009375
0 0.759375 0.66796875 0.01328125 0.0125
0 0.771875 0.625 0.01171875 0.0140625
0 0.925 0.55078125 0.00859375 0.01640625
0 0.90625 0.5859375 0.01015625 0.0171875
0 0.9921875 0.63671875 0.00859375 0.0171875
0 0.959375 0.46796875 0.0078125 0.0125
0 0.97734375 0.4625 0.01015625 0.01171875
0 0.9890625 0.484375 0.00703125 0.01484375
0 0.95859375 0.48828125 0.00859375 0.0125
0 0.92890625 0.390625 0.01328125 0.01484375
0 0.9828125 0.97578125 0.0109375 0.015625
0 0.97734375 0.95078125 0.01015625 0.015625
0 0.27109375 0.40078125 0.0109375 0.015625
0 0.0390625 0.1453125 0.00703125 0.0109375
0 0.025 0.209375 0.0078125 0.01015625
0 0.06796875 0.1890625 0.00546875 0.00859375
0 0.09609375 0.2390625 0.00625 0.0078125
0 0.053125 0.28671875 0.0046875 0.00546875
0 0.1078125 0.31796875 0.0078125 0.0109375
0 0.090625 0.33125 0.00546875 0.0078125
0 0.0484375 0.3234375 0.0046875 0.009375
0 0.11640625 0.32578125 0.0046875 0.00703125
0 0.1421875 0.34296875 0.00625 0.00859375
0 0.146875 0.3890625 0.00546875 0.00703125
0 0.15546875 0.3703125 0.0046875 0.00546875
0 0.10703125 0.42734375 0.009375 0.01171875
0 0.075 0.43046875 0.00625 0.00859375
0 0.046875 0.42109375 0.00625 0.00859375
0 0.13984375 0.478125 0.00859375 0.01015625
0 0.14296875 0.52265625 0.00625 0.01015625
0 0.22734375 0.49765625 0.009375 0.01171875
0 0.29453125 0.59140625 0.00390625 0.0046875
0 0.22890625 0.5875 0.00546875 0.00546875
0 0.20078125 0.5765625 0.0046875 0.0046875
0 0.21171875 0.546875 0.0078125 0.00625
0 0.23046875 0.5625 0.00390625 0.0046875
0 0.3140625 0.55546875 0.00625 0.00703125
0 0.15859375 0.49609375 0.003125 0.00546875
0 0.178125 0.48828125 0.003125 0.00546875
0 0.1265625 0.44453125 0.00703125 0.00625
0 0.10859375 0.565625 0.00703125 0.009375
0 0.2015625 0.78203125 0.0046875 0.00625
0 0.97890625 0.0234375 0.01015625 0.01171875
0 0.96953125 0.03515625 0.0078125 0.01015625
0 0.1625 0.2046875 0.00390625 0.00546875
0 0.26171875 0.20390625 0.0078125 0.00859375
0 0.26171875 0.340625 0.0046875 0.0078125
0 0.2703125 0.46015625 0.0109375 0.009375
0 0.27734375 0.52578125 0.00625 0.00625
0 0.30703125 0.51015625 0.00546875 0.00546875
0 0.21484375 0.78203125 0.00390625 0.00546875
0 0.1734375 0.765625 0.0046875 0.00625
0 0.2171875 0.61875 0.0046875 0.0078125
0 0.21875 0.6703125 0.00703125 0.009375
0 0.20078125 0.60703125 0.00859375 0.01328125
0 0.090625 0.35703125 0.00625 0.00859375
0 0.09140625 0.39453125 0.00390625 0.00703125