0 0.72265625 0.0375 0.00625 0.0078125
0 0.75390625 0.0921875 0.0078125 0.0078125
0 0.7390625 0.20625 0.00625 0.0046875
0 0.621875 0.33828125 0.00625 0.0078125
0 0.8359375 0.5609375 0.00625 0.0078125
0 0.60390625 0.65390625 0.0046875 0.0078125
0 0.5890625 0.6703125 0.00625 0.0078125
0 0.46484375 0.5859375 0.00625 0.0109375
0 0.2703125 0.56484375 0.0078125 0.00625
0 0.42890625 0.29296875 0.0078125 0.009375
0 0.35703125 0.29140625 0.009375 0.009375
0 0.36640625 0.203125 0.009375 0.0125
0 0.12734375 0.0734375 0.0109375 0.0109375
0 0.78203125 0.10546875 0.003125 0.00625
0 0.34609375 0.6375 0.003125 0.0046875
0 0.35078125 0.11015625 0.0046875 0.0046875