0 0.390625 0.0265625 0.0140625 0.0140625
0 0.59453125 0.0140625 0.0125 0.0109375
0 0.58359375 0.0203125 0.0109375 0.0125
0 0.5578125 0.0125 0.0171875 0.015625
0 0.3078125 0.10078125 0.0109375 0.015625
0 0.253125 0.14765625 0.0125 0.015625
0 0.29609375 0.17578125 0.009375 0.0171875
0 0.44765625 0.16796875 0.0109375 0.015625
0 0.3796875 0.19921875 0.0078125 0.0125
0 0.3421875 0.2125 0.009375 0.0125
0 0.309375 0.21875 0.009375 0.015625
0 0.3453125 0.23125 0.009375 0.0125
0 0.409375 0.23359375 0.0078125 0.009375
0 0.528125 0.253125 0.0078125 0.015625
0 0.38046875 0.2875 0.0109375 0.01875
0 0.328125 0.290625 0.009375 0.0125
0 0.3390625 0.28046875 0.0078125 0.0109375
0 0.3578125 0.275 0.0078125 0.009375
0 0.3625 0.25703125 0.0078125 0.009375
0 0.38671875 0.2546875 0.009375 0.009375
0 0.2875 0.29609375 0.015625 0.0234375
0 0.309375 0.3 0.00625 0.009375
0 0.334375 0.34296875 0.0078125 0.0109375
0 0.4109375 0.29609375 0.009375 0.009375
0 0.384375 0.3140625 0.0078125 0.0109375
0 0.43984375 0.315625 0.009375 0.0140625
0 0.40625 0.3296875 0.009375 0.0109375
0 0.41640625 0.26640625 0.0078125 0.009375
0 0.475 0.1921875 0.009375 0.009375
0 0.43828125 0.22734375 0.00625 0.009375
0 0.50234375 0.19921875 0.00625 0.00625
0 0.703125 0.23515625 0.00625 0.0109375
0 0.2421875 0.35625 0.009375 0.0125
0 0.21953125 0.3765625 0.009375 0.0125
0 0.30234375 0.3859375 0.0078125 0.0125
0 0.24296875 0.4046875 0.0078125 0.0125
0 0.2859375 0.41640625 0.009375 0.0125
0 0.29296875 0.44453125 0.00625 0.0125
0 0.2265625 0.41875 0.0078125 0.0140625
0 0.24140625 0.45234375 0.009375 0.0125
0 0.26875 0.45703125 0.0078125 0.0140625
0 0.159375 0.45625 0.0078125 0.0109375
0 0.20390625 0.5234375 0.009375 0.0140625
0 0.24140625 0.5640625 0.009375 0.0109375
0 0.1859375 0.5796875 0.0078125 0.0125
0 0.13203125 0.6 0.009375 0.0125
0 0.2015625 0.665625 0.009375 0.0125
0 0.215625 0.76328125 0.009375 0.0171875
0 0.26171875 0.74140625 0.0078125 0.0125
0 0.1875 0.84296875 0.0140625 0.01875
0 0.2046875 0.875 0.009375 0.0140625
0 0.19453125 0.93359375 0.009375 0.0109375
0 0.221875 0.98046875 0.009375 0.0109375
0 0.34765625 0.97890625 0.009375 0.0140625
0 0.48203125 0.91328125 0.0140625 0.0234375
0 0.51015625 0.87421875 0.0078125 0.0125
0 0.603125 0.89921875 0.0125 0.0140625
0 0.5328125 0.81015625 0.00625 0.0109375
0 0.584375 0.8625 0.00625 0.009375
0 0.5140625 0.7171875 0.009375 0.015625
0 0.54375 0.7328125 0.009375 0.0171875
0 0.625 0.74375 0.009375 0.015625
0 0.58046875 0.73671875 0.0078125 0.009375
0 0.5734375 0.76484375 0.00625 0.009375
0 0.5953125 0.76875 0.0078125 0.0109375
0 0.4328125 0.68203125 0.009375 0.0109375
0 0.49921875 0.5734375 0.0109375 0.0125
0 0.5046875 0.546875 0.0125 0.0203125
0 0.315625 0.4703125 0.0078125 0.0125
0 0.3671875 0.50703125 0.00625 0.0109375
0 0.40859375 0.48984375 0.00625 0.0109375
0 0.42109375 0.48984375 0.0046875 0.0078125
0 0.44921875 0.46328125 0.00625 0.0125
0 0.44609375 0.42421875 0.0078125 0.0109375
0 0.4875 0.4640625 0.0078125 0.0125
0 0.35546875 0.37109375 0.0078125 0.009375
0 0.425 0.3078125 0.00625 0.009375
0 0.34765625 0.2984375 0.0109375 0.009375
0 0.37421875 0.2625 0.0078125 0.0078125
0 0.36328125 0.03671875 0.00625 0.009375
0 0.36796875 0.05859375 0.0078125 0.00625
0 0.421875 0.02890625 0.009375 0.0078125
0 0.4484375 0.01796875 0.00625 0.0078125
0 0.440625 0.0046875 0.00625 0.0078125
0 0.403125 0.06953125 0.0078125 0.009375
0 0.45546875 0.271875 0.009375 0.0109375
0 0.5015625 0.2859375 0.0109375 0.0125
0 0.45078125 0.31796875 0.0078125 0.0078125
0 0.45078125 0.33828125 0.0078125 0.0109375
0 0.509375 0.315625 0.009375 0.0140625
0 0.48203125 0.32109375 0.0078125 0.0125
0 0.54375 0.353125 0.00625 0.0078125
0 0.5109375 0.39375 0.0078125 0.009375
0 0.5125 0.43984375 0.00625 0.009375
0 0.48984375 0.434375 0.0078125 0.009375
0 0.4109375 0.58515625 0.0078125 0.009375
0 0.30625 0.6 0.00625 0.0078125
0 0.55859375 0.6546875 0.0078125 0.0109375
0 0.50859375 0.68671875 0.00625 0.009375
0 0.6359375 0.6703125 0.0109375 0.0140625
0 0.659375 0.690625 0.009375 0.0125
0 0.6953125 0.65546875 0.0109375 0.0140625
0 0.6484375 0.62890625 0.0078125 0.0078125
0 0.5921875 0.60859375 0.0078125 0.0078125
0 0.7640625 0.65703125 0.009375 0.0203125
0 0.7421875 0.61796875 0.0078125 0.0125
0 0.7453125 0.7046875 0.0078125 0.0109375
0 0.72578125 0.70625 0.0078125 0.009375
0 0.76015625 0.6890625 0.0078125 0.009375
0 0.77890625 0.6859375 0.009375 0.009375
0 0.71015625 0.6171875 0.009375 0.009375
0 0.7546875 0.59765625 0.00625 0.0109375
0 0.82109375 0.62265625 0.00625 0.0078125
0 0.81796875 0.71875 0.0140625 0.0265625
0 0.640625 0.7625 0.0125 0.015625
0 0.6140625 0.7703125 0.00625 0.0109375
0 0.628125 0.778125 0.0078125 0.0109375
0 0.68359375 0.803125 0.0109375 0.01875
0 0.74765625 0.81875 0.009375 0.0171875
0 0.66640625 0.84921875 0.00625 0.009375
0 0.8078125 0.8578125 0.009375 0.0140625
0 0.61953125 0.9703125 0.0109375 0.015625
0 0.696875 0.96328125 0.00625 0.009375
0 0.71796875 0.95390625 0.0109375 0.0125
0 0.7078125 0.9328125 0.00625 0.009375
0 0.72109375 0.915625 0.0078125 0.0125
0 0.85546875 0.98671875 0.009375 0.0140625
0 0.7890625 0.97109375 0.0078125 0.0140625
0 0.9046875 0.671875 0.0109375 0.0203125
0 0.96640625 0.7625 0.0109375 0.01875
0 0.93671875 0.8125 0.0078125 0.01875
0 0.83671875 0.3 0.009375 0.01875
0 0.81484375 0.30078125 0.009375 0.015625
0 0.9296875 0.34453125 0.0109375 0.015625
0 0.5921875 0.83203125 0.0078125 0.0140625
0 0.746875 0.78359375 0.0125 0.015625
0 0.490625 0.79375 0.009375 0.0125
0 0.509375 0.79609375 0.0109375 0.0171875
0 0.696875 0.8390625 0.009375 0.015625