0 0.28515625 0.22265625 0.0203125 0.0203125
0 0.31171875 0.240625 0.0125 0.0125
0 0.334375 0.2265625 0.0140625 0.0125
0 0.31484375 0.153125 0.015625 0.0171875
0 0.27890625 0.15390625 0.0109375 0.015625
0 0.24921875 0.18359375 0.0171875 0.0140625
0 0.39765625 0.16953125 0.0125 0.0125
0 0.4125 0.1984375 0.0234375 0.021875
0 0.59375 0.2546875 0.0140625 0.01875
0 0.725 0.2984375 0.009375 0.015625
0 0.74609375 0.38515625 0.0171875 0.0171875
0 0.03515625 0.4921875 0.0171875 0.0171875
0 0.0375 0.53515625 0.0140625 0.015625
0 0.31015625 0.453125 0.0171875 0.0140625
0 0.2765625 0.46953125 0.0234375 0.015625
0 0.53671875 0.4453125 0.0109375 0.0171875
0 0.55 0.3859375 0.015625 0.0171875
0 0.60625 0.3796875 0.0171875 0.0125
0 0.3359375 0.44140625 0.0125 0.015625
0 0.371875 0.4625 0.0125 0.009375
0 0.49296875 0.61328125 0.0171875 0.0125
0 0.459375 0.68828125 0.015625 0.0125
0 0.43671875 0.75078125 0.015625 0.015625
0 0.25 0.80546875 0.021875 0.015625
0 0.28359375 0.771875 0.0125 0.015625
0 0.309375 0.8328125 0.0109375 0.015625
0 0.37265625 0.8296875 0.01875 0.009375
0 0.38515625 0.80625 0.015625 0.0171875
0 0.17265625 0.84453125 0.0203125 0.0203125
0 0.13671875 0.859375 0.0140625 0.0140625
0 0.103125 0.80703125 0.0171875 0.015625
0 0.1875 0.79921875 0.0140625 0.0125
0 0.178125 0.7109375 0.0109375 0.0078125
0 0.05546875 0.73359375 0.0109375 0.0125
0 0.0546875 0.76953125 0.009375 0.0109375
0 0.03359375 0.80625 0.0234375 0.01875
0 0.1625 0.871875 0.009375 0.015625
0 0.13203125 0.88203125 0.0109375 0.0109375
0 0.1578125 0.890625 0.0109375 0.0109375
0 0.390625 0.021875 0.0140625 0.009375
0 0.31796875 0.015625 0.0125 0.0140625
0 0.5703125 0.0140625 0.0140625 0.015625
0 0.63203125 0.09140625 0.0109375 0.015625
0 0.43203125 0.1078125 0.0171875 0.0203125
0 0.834375 0.22421875 0.015625 0.0125
0 0.8515625 0.33125 0.0125 0.015625
0 0.97421875 0.36484375 0.0171875 0.021875
0 0.37421875 0.35859375 0.0109375 0.0140625
0 0.3921875 0.353125 0.0171875 0.0125
0 0.32734375 0.34765625 0.0140625 0.0109375
0 0.29765625 0.4265625 0.0109375 0.0109375
0 0.321875 0.43203125 0.0125 0.0125
0 0.4 0.4078125 0.0140625 0.015625
0 0.41953125 0.38828125 0.0109375 0.0125