0 0.890625 0.03671875 0.021875 0.0109375
0 0.87890625 0.08359375 0.0203125 0.0328125
0 0.86015625 0.12890625 0.021875 0.03125
0 0.9578125 0.171875 0.0140625 0.028125
0 0.90078125 0.3015625 0.021875 0.0328125
0 0.9296875 0.303125 0.0171875 0.03125
0 0.9515625 0.33359375 0.01875 0.028125
0 0.8890625 0.4015625 0.0171875 0.0328125
0 0.8421875 0.26328125 0.015625 0.028125
0 0.82265625 0.33671875 0.015625 0.028125
0 0.77890625 0.25703125 0.0203125 0.040625
0 0.609375 0.0515625 0.0234375 0.03125
0 0.6109375 0.11328125 0.0171875 0.03125
0 0.5890625 0.16640625 0.0234375 0.0375
0 0.59609375 0.2265625 0.0203125 0.0328125
0 0.5734375 0.2546875 0.0203125 0.0296875
0 0.6125 0.27734375 0.0171875 0.0234375
0 0.5078125 0.0296875 0.0234375 0.0359375
0 0.37734375 0.1203125 0.01875 0.0265625
0 0.35390625 0.10078125 0.015625 0.0265625
0 0.296875 0.05078125 0.0140625 0.0234375
0 0.37265625 0.23203125 0.015625 0.028125
0 0.55625 0.3625 0.0203125 0.034375
0 0.60390625 0.3765625 0.0265625 0.040625
0 0.7109375 0.415625 0.015625 0.028125
0 0.521875 0.46484375 0.01875 0.0296875
0 0.46796875 0.4625 0.0203125 0.028125
0 0.30859375 0.36015625 0.0171875 0.0328125
0 0.26640625 0.43203125 0.0203125 0.0375
0 0.31640625 0.47890625 0.0171875 0.021875
0 0.26484375 0.515625 0.0125 0.0296875
0 0.20625 0.35625 0.0140625 0.0234375
0 0.1234375 0.3328125 0.0171875 0.0265625
0 0.1375 0.43984375 0.0265625 0.0390625
0 0.2234375 0.653125 0.01875 0.028125
0 0.225 0.83515625 0.025 0.0390625
0 0.1078125 0.70703125 0.01875 0.028125
0 0.36328125 0.59609375 0.0171875 0.025
0 0.37265625 0.628125 0.0171875 0.021875
0 0.41875 0.76015625 0.0203125 0.0296875
0 0.54453125 0.78984375 0.0265625 0.03125
0 0.5234375 0.84921875 0.015625 0.0234375
0 0.5046875 0.93828125 0.0140625 0.0234375
0 0.46328125 0.9015625 0.0171875 0.021875
0 0.725 0.93515625 0.0125 0.0265625
0 0.83828125 0.89921875 0.0109375 0.021875
0 0.96640625 0.86328125 0.009375 0.028125
0 0.97421875 0.78984375 0.00625 0.025
0 0.9859375 0.64140625 0.009375 0.0296875
0 0.97109375 0.58125 0.01875 0.025
0 0.8875 0.58515625 0.0171875 0.0296875
0 0.91484375 0.5609375 0.0171875 0.0265625
0 0.94765625 0.53203125 0.0171875 0.025
0 0.8234375 0.48359375 0.015625 0.028125
0 0.79609375 0.53671875 0.0171875 0.028125
0 0.63203125 0.39296875 0.015625 0.0296875
0 0.65703125 0.68359375 0.0234375 0.03125
0 0.61796875 0.659375 0.0171875 0.025
0 0.56796875 0.65078125 0.0171875 0.025
0 0.50234375 0.6390625 0.01875 0.0265625
0 0.46796875 0.63828125 0.0265625 0.040625
0 0.4609375 0.5859375 0.015625 0.0234375
0 0.41484375 0.525 0.0171875 0.0265625