0 0.27265625 0.02265625 0.0125 0.01484375
0 0.2453125 0.040625 0.00859375 0.0125
0 0.190625 0.08203125 0.00859375 0.0109375
0 0.1203125 0.13984375 0.0109375 0.015625
0 0.1453125 0.13984375 0.01171875 0.015625
0 0.309375 0.03203125 0.0109375 0.0109375
0 0.3171875 0.07734375 0.00859375 0.02109375
0 0.34375 0.08125 0.0109375 0.01484375
0 0.2859375 0.15078125 0.0078125 0.0125
0 0.2734375 0.18828125 0.00859375 0.015625
0 0.4296875 0.09765625 0.01171875 0.0125
0 0.45234375 0.05 0.0109375 0.01484375
0 0.5 0.1234375 0.01015625 0.01171875
0 0.49609375 0.14609375 0.01015625 0.01171875
0 0.5171875 0.16171875 0.01328125 0.0140625
0 0.565625 0.1671875 0.01171875 0.015625
0 0.57578125 0.06640625 0.00703125 0.01171875
0 0.63671875 0.00859375 0.0140625 0.015625
0 0.60078125 0.0484375 0.00859375 0.0140625
0 0.54921875 0.07578125 0.009375 0.01640625
0 0.6765625 0.08359375 0.0078125 0.01640625
0 0.71328125 0.09609375 0.00859375 0.0125
0 0.7390625 0.1125 0.009375 0.01328125
0 0.7734375 0.0109375 0.009375 0.01640625
0 0.6796875 0.01484375 0.00859375 0.0125
0 0.78125 0.07421875 0.01484375 0.015625
0 0.28671875 0.2609375 0.01015625 0.01328125
0 0.240625 0.28359375 0.009375 0.01328125
0 0.2203125 0.3453125 0.0078125 0.01015625
0 0.2796875 0.34453125 0.009375 0.0125
0 0.23125 0.38984375 0.0109375 0.01484375
0 0.32578125 0.38359375 0.0078125 0.0109375
0 0.36796875 0.2421875 0.00859375 0.0140625
0 0.5125 0.22734375 0.01015625 0.0109375
0 0.53515625 0.20546875 0.0109375 0.01015625
0 0.56875 0.2078125 0.00859375 0.009375
0 0.55390625 0.228125 0.00703125 0.0109375
0 0.571875 0.2515625 0.0078125 0.0140625
0 0.590625 0.19453125 0.01171875 0.01484375
0 0.74453125 0.20078125 0.01171875 0.015625
0 0.7640625 0.19140625 0.00859375 0.01484375
0 0.7328125 0.271875 0.0125 0.01640625
0 0.75859375 0.2921875 0.0109375 0.01171875
0 0.03984375 0.3765625 0.0140625 0.0125
0 0.01015625 0.4359375 0.00859375 0.015625
0 0.0390625 0.48984375 0.0078125 0.01015625
0 0.08046875 0.4640625 0.0109375 0.0125
0 0.06015625 0.51875 0.00859375 0.0125
0 0.03203125 0.575 0.0078125 0.0125
0 0.16328125 0.528125 0.009375 0.0125
0 0.27578125 0.4515625 0.009375 0.0140625
0 0.39296875 0.38828125 0.0109375 0.01328125
0 0.39140625 0.425 0.009375 0.01484375
0 0.403125 0.4625 0.00703125 0.015625
0 0.3953125 0.49140625 0.009375 0.01484375
0 0.4390625 0.478125 0.00859375 0.01484375
0 0.5015625 0.4671875 0.00625 0.01328125
0 0.45625 0.5359375 0.00859375 0.0140625
0 0.4859375 0.55859375 0.00859375 0.0109375
0 0.46484375 0.565625 0.0109375 0.01328125
0 0.39921875 0.56640625 0.0078125 0.0109375
0 0.38828125 0.60390625 0.009375 0.0109375
0 0.36171875 0.60546875 0.01015625 0.009375
0 0.28984375 0.54921875 0.009375 0.0140625
0 0.26484375 0.57578125 0.01015625 0.01171875
0 0.109375 0.546875 0.01171875 0.01328125
0 0.003125 0.65078125 0.00546875 0.02109375
0 0.01796875 0.65625 0.0109375 0.01484375
0 0.0421875 0.70703125 0.00859375 0.01328125
0 0.02578125 0.796875 0.00859375 0.01484375
0 0.07890625 0.76484375 0.0078125 0.0140625
0 0.10703125 0.7796875 0.01015625 0.01484375
0 0.21953125 0.7078125 0.00859375 0.01171875
0 0.18515625 0.74609375 0.009375 0.0109375
0 0.28203125 0.91640625 0.01015625 0.03046875
0 0.39296875 0.77265625 0.0078125 0.01171875
0 0.40390625 0.83984375 0.009375 0.01171875
0 0.4640625 0.79609375 0.00859375 0.0140625
0 0.42578125 0.7421875 0.00859375 0.0140625
0 0.50546875 0.76796875 0.01171875 0.0171875
0 0.49609375 0.73359375 0.00859375 0.00859375
0 0.565625 0.709375 0.00859375 0.009375
0 0.6015625 0.7625 0.00703125 0.009375
0 0.53359375 0.8328125 0.00859375 0.0125
0 0.4921875 0.9828125 0.0109375 0.0125
0 0.65078125 0.74765625 0.00703125 0.0125
0 0.66796875 0.784375 0.0078125 0.00859375
0 0.7390625 0.85078125 0.01015625 0.01328125
0 0.7015625 0.7140625 0.00703125 0.01171875
0 0.71484375 0.690625 0.00859375 0.01015625
0 0.68984375 0.628125 0.0078125 0.01171875
0 0.71484375 0.6375 0.009375 0.0125
0 0.575 0.628125 0.0078125 0.0125
0 0.57265625 0.490625 0.00703125 0.0078125
0 0.6328125 0.45390625 0.009375 0.01171875
0 0.6171875 0.47734375 0.015625 0.0078125
0 0.61015625 0.5046875 0.00859375 0.00859375
0 0.70390625 0.5046875 0.0109375 0.0078125
0 0.73203125 0.55234375 0.01171875 0.01328125
0 0.7359375 0.39765625 0.009375 0.0125
0 0.76328125 0.4046875 0.01015625 0.0109375
0 0.79765625 0.30859375 0.0109375 0.01328125
0 0.80078125 0.3515625 0.00703125 0.009375
0 0.83203125 0.3375 0.01015625 0.01640625
0 0.853125 0.3609375 0.009375 0.015625
0 0.8234375 0.296875 0.0078125 0.01171875
0 0.84609375 0.296875 0.00859375 0.0109375
0 0.8109375 0.16328125 0.009375 0.0125
0 0.81953125 0.08828125 0.009375 0.015625
0 0.87265625 0.021875 0.0078125 0.01484375
0 0.90078125 0.00390625 0.0109375 0.0078125
0 0.8359375 0.11640625 0.0109375 0.015625
0 0.83984375 0.1921875 0.009375 0.0140625
0 0.86484375 0.19765625 0.00703125 0.01015625
0 0.8640625 0.16015625 0.00625 0.0125
0 0.88828125 0.18359375 0.00703125 0.0140625
0 0.909375 0.15 0.00859375 0.0140625
0 0.9359375 0.12578125 0.00859375 0.0125
0 0.9390625 0.078125 0.0109375 0.01640625
0 0.9765625 0.1828125 0.0078125 0.01171875
0 0.9234375 0.16796875 0.009375 0.0109375
0 0.86171875 0.42421875 0.0078125 0.01484375
0 0.87890625 0.47890625 0.00625 0.0125
0 0.88671875 0.44140625 0.00703125 0.0140625
0 0.8328125 0.51328125 0.009375 0.01015625
0 0.7609375 0.62265625 0.00703125 0.0109375
0 0.83828125 0.678125 0.00546875 0.01328125
0 0.76875 0.77109375 0.009375 0.0109375
0 0.78515625 0.76875 0.0078125 0.01015625
0 0.875 0.72734375 0.00859375 0.015625
0 0.9328125 0.67109375 0.0078125 0.0109375
0 0.9671875 0.72421875 0.00859375 0.0125
0 0.871875 0.58515625 0.009375 0.01484375
0 0.85234375 0.62421875 0.009375 0.01796875
0 0.93984375 0.45859375 0.0078125 0.01640625
0 0.97265625 0.4328125 0.00859375 0.01328125
0 0.96953125 0.31875 0.0125 0.0140625
0 0.90859375 0.3375 0.00859375 0.015625
0 0.915625 0.36015625 0.009375 0.0140625
0 0.82890625 0.41796875 0.00703125 0.0046875