0 0.43125 0.334375 0.01875 0.0265625
0 0.4203125 0.35 0.0140625 0.0234375
0 0.434375 0.3703125 0.015625 0.0203125
0 0.35546875 0.32265625 0.0140625 0.0234375
0 0.4375 0.49375 0.015625 0.021875
0 0.51953125 0.44609375 0.0140625 0.01875
0 0.53515625 0.428125 0.0125 0.015625
0 0.546875 0.46640625 0.0125 0.0171875
0 0.51171875 0.509375 0.0109375 0.01875
0 0.55703125 0.4890625 0.0140625 0.021875
0 0.5734375 0.38984375 0.0109375 0.0171875
0 0.53046875 0.390625 0.009375 0.0171875
0 0.55703125 0.31796875 0.0125 0.01875
0 0.571875 0.2890625 0.0171875 0.0234375
0 0.5828125 0.1921875 0.0125 0.0234375
0 0.6109375 0.26875 0.0125 0.0203125
0 0.44609375 0.5703125 0.015625 0.025
0 0.5015625 0.58515625 0.0109375 0.01875
0 0.42890625 0.6703125 0.0140625 0.01875
0 0.42734375 0.71796875 0.0109375 0.0125
0 0.4546875 0.69921875 0.0109375 0.0171875
0 0.4734375 0.6609375 0.009375 0.0140625
0 0.46953125 0.625 0.0125 0.0171875
0 0.4890625 0.6359375 0.0109375 0.015625
0 0.49296875 0.69296875 0.0125 0.015625
0 0.5234375 0.61015625 0.0109375 0.0203125
0 0.5375 0.58125 0.009375 0.015625
0 0.53828125 0.56171875 0.0125 0.01875
0 0.55234375 0.559375 0.009375 0.0109375
0 0.57421875 0.54921875 0.0125 0.0171875
0 0.54609375 0.63515625 0.0109375 0.015625
0 0.5671875 0.63359375 0.0125 0.0171875
0 0.59296875 0.54375 0.009375 0.0125
0 0.60625 0.53359375 0.0109375 0.0171875
0 0.61875 0.421875 0.0109375 0.0171875
0 0.6421875 0.375 0.0109375 0.0171875
0 0.6609375 0.4328125 0.0109375 0.0171875
0 0.68359375 0.38203125 0.009375 0.0171875
0 0.67578125 0.30703125 0.0109375 0.0171875
0 0.66171875 0.29140625 0.0078125 0.0140625
0 0.6734375 0.2578125 0.0109375 0.01875
0 0.53203125 0.12421875 0.009375 0.0171875
0 0.64921875 0.03671875 0.0109375 0.0234375
0 0.66875 0.11328125 0.0109375 0.015625
0 0.7328125 0.2796875 0.009375 0.0203125
0 0.77734375 0.28984375 0.0109375 0.0203125
0 0.7515625 0.30390625 0.015625 0.0265625
0 0.7796875 0.375 0.0125 0.025
0 0.71484375 0.45 0.009375 0.0140625
0 0.7359375 0.52109375 0.0078125 0.0125
0 0.721875 0.48203125 0.0109375 0.01875
0 0.66328125 0.459375 0.009375 0.015625
0 0.77265625 0.521875 0.0109375 0.01875
0 0.73515625 0.54609375 0.009375 0.015625
0 0.74765625 0.54375 0.009375 0.0171875
0 0.765625 0.56953125 0.0109375 0.0171875
0 0.69921875 0.5734375 0.009375 0.0140625
0 0.71015625 0.58125 0.0078125 0.0140625
0 0.725 0.59609375 0.0109375 0.01875
0 0.73046875 0.571875 0.0109375 0.0140625
0 0.771875 0.63359375 0.009375 0.015625
0 0.8171875 0.63515625 0.0109375 0.0203125
0 0.8109375 0.66328125 0.009375 0.015625
0 0.7640625 0.65234375 0.0109375 0.0171875
0 0.77734375 0.67734375 0.009375 0.015625
0 0.73671875 0.67890625 0.009375 0.015625
0 0.70859375 0.65234375 0.009375 0.0140625
0 0.60078125 0.66640625 0.0140625 0.01875
0 0.584375 0.67734375 0.009375 0.0171875
0 0.68046875 0.6171875 0.009375 0.015625
0 0.66796875 0.5921875 0.009375 0.015625
0 0.63984375 0.6484375 0.0078125 0.0140625
0 0.63125 0.65 0.0078125 0.0140625
0 0.71875 0.6921875 0.009375 0.0171875
0 0.73046875 0.6953125 0.009375 0.0140625
0 0.78125 0.690625 0.0125 0.015625
0 0.77578125 0.7046875 0.0078125 0.0140625
0 0.7484375 0.74765625 0.009375 0.015625
0 0.7109375 0.76328125 0.009375 0.015625
0 0.72109375 0.784375 0.009375 0.015625
0 0.728125 0.8046875 0.009375 0.0140625
0 0.696875 0.840625 0.009375 0.015625
0 0.69296875 0.9 0.0109375 0.0125
0 0.6953125 0.94765625 0.0078125 0.0125
0 0.834375 0.8953125 0.0109375 0.01875
0 0.81875 0.90625 0.009375 0.0140625
0 0.8296875 0.915625 0.009375 0.015625
0 0.61875 0.80390625 0.015625 0.021875
0 0.67890625 0.80703125 0.028125 0.0640625
0 0.68671875 0.68046875 0.009375 0.01875
0 0.69609375 0.70859375 0.0125 0.015625
0 0.67265625 0.7125 0.0125 0.0203125
0 0.609375 0.709375 0.009375 0.0171875
0 0.59453125 0.7203125 0.0109375 0.015625
0 0.60546875 0.73203125 0.009375 0.0125
0 0.6046875 0.7578125 0.0109375 0.01875
0 0.615625 0.7796875 0.0109375 0.015625
0 0.58203125 0.82109375 0.009375 0.0125
0 0.60234375 0.79921875 0.0109375 0.015625
0 0.52265625 0.7421875 0.009375 0.0140625
0 0.53046875 0.7890625 0.00625 0.0109375
0 0.52421875 0.79765625 0.0109375 0.015625
0 0.50390625 0.82265625 0.0078125 0.0125
0 0.81484375 0.18828125 0.0140625 0.021875
0 0.95625 0.7765625 0.0109375 0.0140625
0 0.8421875 0.40234375 0.0109375 0.0203125
0 0.78671875 0.4828125 0.009375 0.015625
0 0.7765625 0.44453125 0.009375 0.015625
0 0.64609375 0.42890625 0.0125 0.015625