0 0.18984375 0.0390625 0.0203125 0.03125
0 0.20234375 0.08671875 0.0203125 0.03125
0 0.1 0.11640625 0.0125 0.028125
0 0.03984375 0.11328125 0.01875 0.0234375
0 0.13828125 0.24921875 0.0203125 0.0328125
0 0.11015625 0.246875 0.015625 0.0296875
0 0.08359375 0.275 0.01875 0.028125
0 0.13671875 0.35 0.0171875 0.03125
0 0.2015625 0.22109375 0.015625 0.0265625
0 0.2109375 0.2953125 0.0140625 0.0265625
0 0.2640625 0.2234375 0.01875 0.040625
0 0.46015625 0.0453125 0.021875 0.0296875
0 0.45 0.10546875 0.015625 0.0296875
0 0.46484375 0.1609375 0.021875 0.0359375
0 0.44921875 0.21875 0.01875 0.0328125
0 0.46796875 0.24921875 0.0171875 0.0296875
0 0.425 0.2671875 0.015625 0.0234375
0 0.56328125 0.03671875 0.021875 0.0359375
0 0.67890625 0.14453125 0.01875 0.0265625
0 0.7046875 0.128125 0.015625 0.025
0 0.76796875 0.0875 0.0140625 0.0234375
0 0.66796875 0.2546875 0.0140625 0.028125
0 0.46953125 0.3578125 0.01875 0.034375
0 0.4203125 0.36484375 0.025 0.0390625
0 0.309375 0.3890625 0.015625 0.028125
0 0.48828125 0.4625 0.0171875 0.0296875
0 0.5421875 0.46875 0.01875 0.028125
0 0.7140625 0.3890625 0.015625 0.03125
0 0.7453125 0.46484375 0.01875 0.0375
0 0.6890625 0.50546875 0.0171875 0.021875
0 0.73515625 0.54765625 0.0109375 0.0296875
0 0.81484375 0.4 0.0140625 0.021875
0 0.9 0.38828125 0.0171875 0.0265625
0 0.8703125 0.49140625 0.025 0.0375
0 0.7578125 0.6890625 0.0171875 0.028125
0 0.73046875 0.8671875 0.0234375 0.0375
0 0.8625 0.7578125 0.01875 0.028125
0 0.628125 0.6140625 0.015625 0.025
0 0.6140625 0.64453125 0.015625 0.021875
0 0.55 0.7671875 0.01875 0.0296875
0 0.421875 0.778125 0.025 0.0296875
0 0.434375 0.83984375 0.015625 0.0234375
0 0.440625 0.9296875 0.0140625 0.0234375
0 0.4859375 0.89921875 0.015625 0.021875
0 0.3171875 0.98671875 0.0171875 0.009375
0 0.22421875 0.896875 0.0109375 0.025
0 0.11796875 0.8453125 0.009375 0.0203125
0 0.0328125 0.95703125 0.01875 0.0328125
0 0.00625 0.57265625 0.0125 0.0296875
0 0.03046875 0.515625 0.0171875 0.025
0 0.11171875 0.5296875 0.015625 0.028125
0 0.0890625 0.50234375 0.015625 0.025
0 0.0609375 0.4703125 0.0171875 0.025
0 0.18984375 0.4390625 0.0140625 0.0265625
0 0.209375 0.49609375 0.015625 0.0265625
0 0.390625 0.37734375 0.0140625 0.028125
0 0.32578125 0.659375 0.021875 0.03125
0 0.36796875 0.640625 0.0171875 0.025
0 0.41796875 0.63984375 0.015625 0.0234375
0 0.48515625 0.6359375 0.0171875 0.0265625
0 0.51875 0.63984375 0.025 0.040625
0 0.53203125 0.58984375 0.015625 0.021875
0 0.58671875 0.53671875 0.0171875 0.0265625