0 0.190625 0.01015625 0.0203125 0.0203125
0 0.19609375 0.06015625 0.0171875 0.0296875
0 0.21015625 0.1046875 0.01796875 0.028125
0 0.11484375 0.1375 0.01171875 0.02578125
0 0.05625 0.1375 0.01640625 0.02109375
0 0.15703125 0.2625 0.01796875 0.0296875
0 0.13046875 0.2625 0.01328125 0.028125
0 0.10703125 0.2890625 0.01640625 0.02578125
0 0.0265625 0.22890625 0.0125 0.0265625
0 0.01328125 0.284375 0.015625 0.025
0 0.02734375 0.3421875 0.0125 0.0328125
0 0.0046875 0.38671875 0.00859375 0.0265625
0 0.1609375 0.35859375 0.0140625 0.0296875
0 0.21640625 0.23203125 0.01328125 0.025
0 0.22890625 0.303125 0.0125 0.02578125
0 0.27578125 0.23125 0.01640625 0.0375
0 0.453125 0.05234375 0.01953125 0.02734375
0 0.446875 0.11015625 0.0140625 0.028125
0 0.46328125 0.16171875 0.01953125 0.0328125
0 0.4515625 0.21796875 0.01640625 0.03046875
0 0.47109375 0.24609375 0.015625 0.0265625
0 0.43125 0.2640625 0.0140625 0.021875
0 0.55078125 0.0390625 0.01953125 0.0328125
0 0.66640625 0.1359375 0.01640625 0.0234375
0 0.690625 0.11875 0.01328125 0.0234375
0 0.7484375 0.07734375 0.01171875 0.02109375
0 0.66171875 0.24140625 0.0125 0.02578125
0 0.478125 0.3484375 0.01640625 0.03203125
0 0.43125 0.35859375 0.021875 0.0359375
0 0.32734375 0.38671875 0.01328125 0.02578125
0 0.5015625 0.4484375 0.015625 0.02734375
0 0.55234375 0.45078125 0.01640625 0.02578125
0 0.7125 0.36640625 0.01328125 0.0296875
0 0.7453125 0.4375 0.01640625 0.034375
0 0.69453125 0.47890625 0.01484375 0.01953125
0 0.73984375 0.51640625 0.009375 0.02734375
0 0.80859375 0.371875 0.01171875 0.0203125
0 0.8890625 0.35625 0.01484375 0.02421875
0 0.86640625 0.45625 0.02265625 0.03515625
0 0.76796875 0.64921875 0.015625 0.02578125
0 0.75078125 0.82109375 0.0203125 0.03515625
0 0.871875 0.71015625 0.01640625 0.02578125
0 0.640625 0.58515625 0.0140625 0.02265625
0 0.62890625 0.6140625 0.0140625 0.0203125
0 0.57421875 0.734375 0.01640625 0.0265625
0 0.45390625 0.7515625 0.021875 0.02734375
0 0.46796875 0.809375 0.01328125 0.02109375
0 0.47890625 0.89453125 0.01171875 0.021875
0 0.52109375 0.86328125 0.01484375 0.0203125
0 0.4703125 0.98203125 0.009375 0.01640625
0 0.365625 0.9640625 0.01484375 0.02421875
0 0.27109375 0.87421875 0.01015625 0.02421875
0 0.1875 0.96953125 0.01171875 0.025
0 0.1671875 0.83046875 0.00859375 0.01953125
0 0.09140625 0.94140625 0.01640625 0.03046875
0 0.04765625 0.7875 0.0125 0.0265625
0 0.0453125 0.71875 0.01171875 0.02265625
0 0.0109375 0.58125 0.0125 0.01953125
0 0.0453125 0.5765625 0.015625 0.02734375
0 0.06796875 0.5203125 0.015625 0.02265625
0 0.146875 0.53125 0.01328125 0.0265625
0 0.12265625 0.50625 0.0140625 0.0234375
0 0.09453125 0.47578125 0.01484375 0.0234375
0 0.215625 0.440625 0.0125 0.02578125
0 0.23671875 0.49296875 0.0140625 0.025
0 0.40390625 0.371875 0.01171875 0.0265625
0 0.35625 0.64296875 0.01953125 0.028125
0 0.3953125 0.6234375 0.01484375 0.02265625
0 0.44296875 0.61953125 0.0140625 0.021875
0 0.50625 0.61328125 0.015625 0.02421875
0 0.53828125 0.615625 0.02265625 0.03671875
0 0.5484375 0.5671875 0.01328125 0.02109375
0 0.5984375 0.51328125 0.01484375 0.0234375
0 0.03359375 0.63125 0.009375 0.015625