0 0.16328125 0.11484375 0.0125 0.01875
0 0.3 0.23671875 0.0125 0.015625
0 0.2859375 0.2109375 0.0125 0.01875
0 0.328125 0.14921875 0.009375 0.0125
0 0.36171875 0.15546875 0.01875 0.015625
0 0.390625 0.21953125 0.0125 0.0234375
0 0.51015625 0.2953125 0.015625 0.01875
0 0.46171875 0.30703125 0.0140625 0.015625
0 0.59296875 0.328125 0.0140625 0.021875
0 0.62890625 0.3515625 0.0125 0.01875
0 0.58828125 0.35703125 0.0125 0.0125
0 0.56640625 0.37421875 0.015625 0.0234375
0 0.58359375 0.39609375 0.0125 0.015625
0 0.67421875 0.3796875 0.015625 0.028125
0 0.640625 0.41796875 0.0125 0.0171875
0 0.7046875 0.35078125 0.009375 0.015625
0 0.74453125 0.3828125 0.015625 0.021875
0 0.6875 0.403125 0.009375 0.0109375
0 0.7203125 0.38984375 0.00625 0.0125
0 0.7421875 0.503125 0.015625 0.0203125
0 0.65078125 0.46953125 0.0125 0.0125
0 0.5296875 0.45703125 0.009375 0.015625
0 0.51171875 0.4515625 0.00625 0.0109375
0 0.5203125 0.45234375 0.0109375 0.0125
0 0.56171875 0.48359375 0.009375 0.0140625
0 0.615625 0.45078125 0.00625 0.0125
0 0.515625 0.40390625 0.015625 0.015625
0 0.4828125 0.41015625 0.009375 0.015625
0 0.49375 0.440625 0.009375 0.01875
0 0.471875 0.42421875 0.0125 0.015625
0 0.4734375 0.409375 0.0078125 0.015625
0 0.4703125 0.375 0.009375 0.015625
0 0.4453125 0.3953125 0.009375 0.0125
0 0.4296875 0.375 0.0078125 0.0125
0 0.396875 0.46328125 0.0078125 0.0125
0 0.4609375 0.45625 0.009375 0.0109375
0 0.446875 0.43515625 0.0265625 0.015625
0 0.4953125 0.5078125 0.0078125 0.0125
0 0.5671875 0.53046875 0.009375 0.015625
0 0.553125 0.51328125 0.009375 0.015625
0 0.6140625 0.55625 0.0078125 0.0140625
0 0.60078125 0.5390625 0.009375 0.0109375
0 0.62421875 0.52421875 0.0078125 0.009375
0 0.6125 0.5140625 0.00625 0.0125
0 0.65078125 0.56015625 0.00625 0.0109375
0 0.653125 0.55 0.00625 0.009375
0 0.66875 0.5796875 0.0078125 0.0125
0 0.67265625 0.56796875 0.01875 0.01875
0 0.68515625 0.5515625 0.00625 0.015625
0 0.64375 0.58046875 0.00625 0.0125
0 0.6625 0.6 0.009375 0.0125
0 0.64453125 0.62265625 0.009375 0.0125
0 0.66015625 0.62265625 0.0078125 0.009375
0 0.68046875 0.6203125 0.00625 0.0109375
0 0.66875 0.6328125 0.00625 0.009375
0 0.67421875 0.653125 0.0078125 0.0125
0 0.5578125 0.6203125 0.0171875 0.0171875
0 0.5859375 0.62734375 0.0109375 0.0125
0 0.5765625 0.5921875 0.009375 0.0125
0 0.39765625 0.57421875 0.01875 0.015625
0 0.4359375 0.7765625 0.0125 0.0140625
0 0.6109375 0.65078125 0.009375 0.0109375
0 0.62109375 0.63671875 0.021875 0.015625
0 0.7078125 0.7015625 0.0140625 0.009375
0 0.66484375 0.753125 0.0125 0.015625
0 0.66328125 0.7796875 0.0109375 0.0109375
0 0.6859375 0.7671875 0.0125 0.015625
0 0.5921875 0.7671875 0.015625 0.0125
0 0.59765625 0.721875 0.0109375 0.0140625
0 0.60078125 0.6984375 0.0125 0.0109375
0 0.58125 0.71875 0.0125 0.0125
0 0.57734375 0.7359375 0.0125 0.0125
0 0.56484375 0.75390625 0.0140625 0.0125
0 0.5453125 0.73671875 0.0140625 0.0125
0 0.5171875 0.7359375 0.0125 0.015625
0 0.503125 0.7546875 0.0078125 0.0078125
0 0.53828125 0.76484375 0.0109375 0.009375
0 0.525 0.86875 0.009375 0.0109375
0 0.4984375 0.846875 0.009375 0.0109375
0 0.478125 0.79921875 0.00625 0.0125
0 0.55078125 0.9296875 0.00625 0.0125
0 0.55859375 0.9734375 0.0078125 0.015625
0 0.546875 0.94375 0.00625 0.0109375
0 0.6296875 0.88359375 0.0078125 0.0109375
0 0.59609375 0.8578125 0.009375 0.015625
0 0.603125 0.84453125 0.009375 0.015625
0 0.65546875 0.96875 0.009375 0.015625
0 0.64296875 0.95625 0.0078125 0.0109375
0 0.61953125 0.9390625 0.0078125 0.009375
0 0.6578125 0.9140625 0.009375 0.0140625
0 0.665625 0.8890625 0.015625 0.015625
0 0.3578125 0.98828125 0.00625 0.0125
0 0.40625 0.96796875 0.0078125 0.0109375
0 0.4625 0.94140625 0.009375 0.0125
0 0.4890625 0.96328125 0.01875 0.015625
0 0.43984375 0.9828125 0.009375 0.015625
0 0.41484375 0.98671875 0.0078125 0.0140625
0 0.346875 0.86953125 0.009375 0.0125
0 0.39921875 0.875 0.0078125 0.0125
0 0.38046875 0.79375 0.009375 0.015625
0 0.33203125 0.8171875 0.00625 0.0109375
0 0.34140625 0.81171875 0.0078125 0.009375
0 0.32890625 0.77578125 0.00625 0.0140625
0 0.39453125 0.7515625 0.009375 0.0140625
0 0.43125 0.73046875 0.009375 0.015625
0 0.378125 0.7 0.0078125 0.009375
0 0.39140625 0.69296875 0.009375 0.025
0 0.40625 0.69375 0.00625 0.0125
0 0.43515625 0.7 0.009375 0.0125
0 0.425 0.69140625 0.009375 0.015625
0 0.45390625 0.6953125 0.00625 0.009375
0 0.4765625 0.6953125 0.009375 0.015625
0 0.49921875 0.6796875 0.015625 0.0140625
0 0.50390625 0.6453125 0.0078125 0.0109375
0 0.5234375 0.6390625 0.009375 0.0140625
0 0.390625 0.6453125 0.0078125 0.0125
0 0.35078125 0.60078125 0.009375 0.0125
0 0.33125 0.62890625 0.009375 0.015625
0 0.44453125 0.59921875 0.0078125 0.0140625
0 0.421875 0.58984375 0.00625 0.015625
0 0.471875 0.58125 0.009375 0.0125
0 0.51875 0.5640625 0.00625 0.0140625
0 0.540625 0.571875 0.009375 0.0140625
0 0.53046875 0.55546875 0.0078125 0.015625
0 0.59609375 0.58203125 0.009375 0.015625
0 0.3890625 0.4984375 0.0140625 0.009375
0 0.371875 0.36953125 0.009375 0.0125
0 0.3703125 0.4015625 0.0109375 0.021875
0 0.359375 0.4234375 0.009375 0.015625
0 0.4265625 0.40625 0.0234375 0.025
0 0.3546875 0.271875 0.0125 0.0125
0 0.34375 0.28984375 0.0109375 0.015625
0 0.5328125 0.19765625 0.009375 0.0171875
0 0.3546875 0.178125 0.00625 0.0125
0 0.3671875 0.18046875 0.00625 0.009375
0 0.39453125 0.16328125 0.00625 0.0109375
0 0.446875 0.18984375 0.009375 0.0125
0 0.46640625 0.1234375 0.00625 0.009375
0 0.675 0.425 0.0078125 0.0125
0 0.6640625 0.44140625 0.0078125 0.009375
0 0.7328125 0.42578125 0.009375 0.015625
0 0.703125 0.41875 0.015625 0.015625
0 0.7171875 0.44609375 0.009375 0.0171875
0 0.73515625 0.46875 0.0140625 0.025
0 0.77109375 0.440625 0.0109375 0.015625
0 0.7796875 0.41875 0.0125 0.015625
0 0.7625 0.42734375 0.00625 0.0125
0 0.81484375 0.4234375 0.0125 0.0375
0 0.76875 0.39765625 0.0078125 0.0125
0 0.725 0.3359375 0.009375 0.0125
0 0.73359375 0.36171875 0.0109375 0.01875
0 0.7171875 0.36484375 0.009375 0.0125
0 0.68828125 0.36796875 0.009375 0.0125
0 0.8984375 0.4265625 0.015625 0.0234375
0 0.7421875 0.659375 0.0125 0.0125
0 0.7109375 0.86171875 0.009375 0.015625
0 0.74296875 0.8859375 0.009375 0.015625
0 0.6921875 0.81484375 0.0109375 0.0234375
0 0.678125 0.8015625 0.0109375 0.0109375
0 0.66015625 0.81015625 0.0140625 0.0125
0 0.65 0.8265625 0.009375 0.009375
0 0.809375 0.8171875 0.00625 0.015625
0 0.796875 0.82265625 0.009375 0.0125
0 0.79140625 0.8453125 0.00625 0.0109375
0 0.80703125 0.8484375 0.009375 0.0203125
0 0.78359375 0.81875 0.009375 0.0140625
0 0.79375 0.940625 0.009375 0.015625
0 0.7953125 0.95390625 0.00625 0.009375
0 0.821875 0.959375 0.00625 0.009375
0 0.78203125 0.9109375 0.009375 0.0125
0 0.75859375 0.91484375 0.00625 0.0125
0 0.84453125 0.86328125 0.009375 0.0125
0 0.83125 0.871875 0.009375 0.009375
0 0.92265625 0.4046875 0.009375 0.0125
0 0.95390625 0.4109375 0.0078125 0.0109375
0 0.93125 0.3765625 0.009375 0.0140625
0 0.95234375 0.35234375 0.0109375 0.0125
0 0.965625 0.353125 0.009375 0.009375
0 0.778125 0.67421875 0.0140625 0.0125
0 0.790625 0.6296875 0.0125 0.015625
0 0.94921875 0.553125 0.009375 0.0171875
0 0.93046875 0.58984375 0.009375 0.01875
0 0.98515625 0.46640625 0.0078125 0.0125
0 0.984375 0.4875 0.009375 0.0125
0 0.95390625 0.3859375 0.0140625 0.015625
0 0.27109375 0.396875 0.0109375 0.015625
0 0.03046875 0.13203125 0.00625 0.0125
0 0.01640625 0.19921875 0.0078125 0.009375
0 0.06015625 0.17734375 0.00625 0.009375
0 0.0890625 0.22890625 0.00625 0.0078125
0 0.04453125 0.27890625 0.00625 0.00625
0 0.1015625 0.3109375 0.009375 0.0109375
0 0.084375 0.325 0.00625 0.009375
0 0.040625 0.31640625 0.0046875 0.009375
0 0.1109375 0.31953125 0.0046875 0.0078125
0 0.1375 0.3375 0.00625 0.009375
0 0.1421875 0.38515625 0.00625 0.0078125
0 0.1515625 0.365625 0.0046875 0.00625
0 0.1015625 0.425 0.009375 0.0125
0 0.06796875 0.42734375 0.00625 0.009375
0 0.03828125 0.41796875 0.00625 0.009375
0 0.134375 0.4765625 0.009375 0.009375
0 0.13828125 0.5234375 0.00625 0.009375
0 0.22578125 0.496875 0.009375 0.0125
0 0.2953125 0.59453125 0.003125 0.0046875
0 0.22734375 0.590625 0.00625 0.00625
0 0.1984375 0.5796875 0.0046875 0.0046875
0 0.209375 0.5484375 0.0078125 0.00625
0 0.22890625 0.56484375 0.003125 0.0046875
0 0.315625 0.55703125 0.00625 0.00625
0 0.15390625 0.49609375 0.003125 0.00625
0 0.175 0.4875 0.003125 0.00625
0 0.12109375 0.4421875 0.00625 0.00625
0 0.103125 0.56875 0.00625 0.009375
0 0.1984375 0.7921875 0.0046875 0.00625
0 0.9953125 0.0171875 0.009375 0.009375
0 0.15859375 0.19375 0.003125 0.00625
0 0.2609375 0.19296875 0.0078125 0.009375
0 0.26171875 0.334375 0.0046875 0.009375
0 0.2703125 0.45859375 0.0109375 0.009375
0 0.278125 0.52734375 0.00625 0.00625
0 0.30859375 0.51015625 0.00625 0.00625
0 0.2125 0.7921875 0.003125 0.00625
0 0.16953125 0.77578125 0.0046875 0.00625
0 0.21484375 0.62265625 0.00625 0.009375
0 0.2171875 0.6765625 0.0078125 0.009375
0 0.1984375 0.6109375 0.009375 0.0125
0 0.08359375 0.3515625 0.00625 0.009375
0 0.08515625 0.390625 0.0046875 0.00625