0 0.22578125 0.1640625 0.0203125 0.025
0 0.2953125 0.14765625 0.0203125 0.01875
0 0.40234375 0.1765625 0.0203125 0.025
0 0.325 0.2328125 0.01875 0.021875
0 0.215625 0.59921875 0.021875 0.0234375
0 0.20546875 0.528125 0.0234375 0.03125
0 0.40859375 0.67265625 0.0203125 0.028125
0 0.3390625 0.759375 0.01875 0.0203125
0 0.4828125 0.5046875 0.015625 0.0234375
0 0.3328125 0.496875 0.0203125 0.021875
0 0.625 0.46328125 0.0171875 0.01875
0 0.6375 0.5109375 0.0125 0.0140625
0 0.69296875 0.5015625 0.0140625 0.021875
0 0.61640625 0.4390625 0.0109375 0.0125
0 0.64375 0.4078125 0.0125 0.015625
0 0.6640625 0.403125 0.0140625 0.0171875
0 0.5640625 0.3859375 0.015625 0.015625
0 0.47578125 0.37890625 0.015625 0.015625
0 0.55078125 0.225 0.0125 0.015625
0 0.5703125 0.20390625 0.0125 0.0171875
0 0.55859375 0.1296875 0.0140625 0.015625
0 0.73203125 0.17265625 0.0140625 0.0171875
0 0.85234375 0.40625 0.015625 0.0234375
0 0.83046875 0.48515625 0.0125 0.0171875
0 0.596875 0.53984375 0.0140625 0.0140625
0 0.69140625 0.56875 0.0140625 0.0203125
0 0.67578125 0.56171875 0.0109375 0.0171875
0 0.678125 0.61171875 0.0125 0.0171875
0 0.734375 0.63203125 0.0140625 0.021875
0 0.7390625 0.61875 0.009375 0.015625
0 0.8046875 0.665625 0.015625 0.0203125
0 0.66875 0.61328125 0.0078125 0.009375
0 0.67265625 0.596875 0.0078125 0.0125
0 0.6296875 0.5859375 0.00625 0.009375
0 0.353125 0.41484375 0.01875 0.0203125
0 0.38359375 0.75390625 0.0125 0.0140625
0 0.35625 0.775 0.025 0.025