0 0.16796875 0.0453125 0.01875 0.03203125
0 0.18046875 0.09140625 0.021875 0.028125
0 0.08671875 0.12578125 0.0125 0.02890625
0 0.03359375 0.1234375 0.015625 0.025
0 0.0046875 0.21015625 0.009375 0.03125
0 0.078125 0.275 0.0140625 0.0265625
0 0.10234375 0.24609375 0.0109375 0.02421875
0 0.128125 0.25234375 0.01015625 0.02265625
0 0.18515625 0.2203125 0.009375 0.01875
0 0.24375 0.21640625 0.0140625 0.021875
0 0.19765625 0.2890625 0.01171875 0.01640625
0 0.12890625 0.340625 0.01171875 0.02734375
0 0.0046875 0.328125 0.009375 0.01796875
0 0.1796875 0.42734375 0.0109375 0.025
0 0.28828125 0.37421875 0.0140625 0.02109375
0 0.38828125 0.34296875 0.0203125 0.0328125
0 0.4328125 0.33203125 0.0125 0.028125
0 0.38828125 0.246875 0.009375 0.01875
0 0.42890625 0.22890625 0.01484375 0.01953125
0 0.409375 0.2 0.01640625 0.0203125
0 0.421875 0.14296875 0.01640625 0.0296875
0 0.409375 0.09140625 0.0140625 0.0234375
0 0.41484375 0.03515625 0.02109375 0.03046875
0 0.51015625 0.0171875 0.01796875 0.02578125
0 0.61640625 0.11171875 0.015625 0.02109375
0 0.63984375 0.09609375 0.0125 0.0265625
0 0.69609375 0.05546875 0.0109375 0.0171875
0 0.6109375 0.2203125 0.01171875 0.01875
0 0.8265625 0.3390625 0.01640625 0.0296875
0 0.7515625 0.35625 0.01015625 0.021875
0 0.6578125 0.35 0.0140625 0.021875
0 0.68828125 0.425 0.01484375 0.03046875
0 0.8046875 0.44453125 0.02265625 0.03046875
0 0.63984375 0.46953125 0.0125 0.02421875
0 0.634375 0.4203125 0.009375 0.0203125
0 0.70859375 0.6515625 0.01796875 0.03046875
0 0.80703125 0.71015625 0.01484375 0.03046875
0 0.68828125 0.8265625 0.0171875 0.02890625
0 0.5203125 0.74140625 0.0171875 0.0265625
0 0.58515625 0.58125 0.015625 0.0234375
0 0.4859375 0.61328125 0.021875 0.03828125
0 0.49765625 0.5640625 0.0140625 0.0203125
0 0.50234375 0.43984375 0.015625 0.0296875
0 0.45390625 0.43828125 0.01640625 0.028125
0 0.41484375 0.821875 0.0125 0.02265625
0 0.42421875 0.9140625 0.01328125 0.021875
0 0.31328125 0.98125 0.0171875 0.021875
0 0.403125 0.76171875 0.01875 0.02578125
0 0.4546875 0.6109375 0.0140625 0.02265625
0 0.39375 0.61875 0.015625 0.02265625
0 0.309375 0.640625 0.0171875 0.0296875
0 0.35 0.62578125 0.01796875 0.02890625
0 0.0390625 0.33828125 0.01171875 0.0234375
0 0.06484375 0.46484375 0.0125 0.0203125
0 0.09140625 0.4984375 0.0125 0.0234375
0 0.11328125 0.52109375 0.0140625 0.025
0 0.040625 0.51484375 0.0140625 0.01953125
0 0.01484375 0.56953125 0.0125 0.02890625
0 0.00546875 0.62421875 0.0109375 0.0296875
0 0.04453125 0.61015625 0.0125 0.02265625
0 0.01484375 0.71640625 0.0109375 0.021875
0 0.0140625 0.78984375 0.01171875 0.025
0 0.05390625 0.9546875 0.01171875 0.02734375
0 0.14375 0.9859375 0.01484375 0.02578125
0 0.225 0.8875 0.0125 0.0203125
0 0.12578125 0.83828125 0.0109375 0.01484375
0 0.16328125 0.5453125 0.0140625 0.02734375
0 0.465625 0.88203125 0.01953125 0.0265625