0 0.1296875 0.00703125 0.015625 0.0140625
0 0.14609375 0.00234375 0.0078125 0.0046875
0 0.1609375 0.01171875 0.0109375 0.0125
0 0.10703125 0.06640625 0.0109375 0.0125
0 0.115625 0.07109375 0.0078125 0.009375
0 0.16171875 0.06875 0.009375 0.0109375
0 0.12734375 0.028125 0.009375 0.0125
0 0.18203125 0.08671875 0.00625 0.009375
0 0.19765625 0.06015625 0.00625 0.009375
0 0.19375 0.090625 0.0078125 0.009375
0 0.19921875 0.09921875 0.0109375 0.0125
0 0.44296875 0.009375 0.0078125 0.009375
0 0.44140625 0.0375 0.0125 0.0125
0 0.4546875 0.025 0.015625 0.01875
0 0.45234375 0.04921875 0.009375 0.0125
0 0.2640625 0.23203125 0.0109375 0.0140625
0 0.1984375 0.33046875 0.0140625 0.01875
0 0.2890625 0.36640625 0.009375 0.0171875
0 0.23671875 0.484375 0.0078125 0.0109375
0 0.23515625 0.50078125 0.0078125 0.015625
0 0.27890625 0.4703125 0.0078125 0.0125
0 0.35859375 0.49453125 0.0078125 0.0109375
0 0.32421875 0.4921875 0.009375 0.0078125
0 0.39609375 0.496875 0.009375 0.0109375
0 0.36875 0.4703125 0.0078125 0.0125
0 0.353125 0.47734375 0.0078125 0.0109375
0 0.35 0.4640625 0.0078125 0.009375
0 0.43515625 0.49609375 0.0078125 0.0125
0 0.2328125 0.60546875 0.0078125 0.0125
0 0.22578125 0.621875 0.00625 0.0109375
0 0.3359375 0.59453125 0.0046875 0.0109375
0 0.34453125 0.6109375 0.0078125 0.0140625
0 0.26484375 0.6875 0.00625 0.009375
0 0.271875 0.70078125 0.0078125 0.0171875
0 0.2921875 0.7109375 0.0078125 0.0125
0 0.27734375 0.69296875 0.0078125 0.0140625
0 0.32578125 0.73046875 0.00625 0.0109375
0 0.30546875 0.734375 0.00625 0.0109375
0 0.33359375 0.74296875 0.00625 0.0125
0 0.359375 0.7296875 0.0078125 0.0125
0 0.39609375 0.6578125 0.0078125 0.0140625
0 0.08984375 0.78046875 0.0078125 0.0109375
0 0.0671875 0.796875 0.00625 0.009375
0 0.0546875 0.83125 0.00625 0.0109375
0 0.0828125 0.796875 0.0046875 0.009375
0 0.10859375 0.81953125 0.0046875 0.009375
0 0.040625 0.8609375 0.00625 0.0109375
0 0.1453125 0.9421875 0.0046875 0.0078125
0 0.14140625 0.959375 0.00625 0.0109375
0 0.15234375 0.971875 0.0046875 0.009375
0 0.0640625 0.9078125 0.00625 0.009375
0 0.0734375 0.93671875 0.0046875 0.009375
0 0.03125 0.90546875 0.0046875 0.0078125
0 0.0453125 0.91796875 0.0046875 0.009375
0 0.0125 0.93984375 0.00625 0.009375
0 0.303125 0.89375 0.0078125 0.0125
0 0.3203125 0.8828125 0.00625 0.009375
0 0.31328125 0.909375 0.0109375 0.01875
0 0.30625 0.92421875 0.00625 0.0109375
0 0.28515625 0.95 0.00625 0.009375
0 0.27421875 0.98046875 0.0078125 0.009375
0 0.4265625 0.99375 0.00625 0.0046875
0 0.4546875 0.84453125 0.00625 0.0109375
0 0.4046875 0.32421875 0.0046875 0.009375
0 0.5984375 0.15546875 0.00625 0.0109375
0 0.540625 0.171875 0.00625 0.009375
0 0.5265625 0.14609375 0.00625 0.0109375
0 0.5078125 0.12734375 0.00625 0.0109375
0 0.5 0.09921875 0.0046875 0.009375
0 0.53984375 0.08359375 0.00625 0.009375
0 0.5890625 0.271875 0.00625 0.0109375
0 0.57578125 0.35390625 0.0078125 0.0140625
0 0.58671875 0.35703125 0.00625 0.0109375
0 0.5703125 0.390625 0.00625 0.0109375
0 0.4953125 0.4296875 0.0046875 0.009375
0 0.49140625 0.425 0.0046875 0.0078125
0 0.50859375 0.4484375 0.00625 0.009375
0 0.53671875 0.484375 0.00625 0.0109375
0 0.51875 0.49375 0.0046875 0.009375
0 0.52890625 0.496875 0.00625 0.0109375
0 0.5140625 0.515625 0.0078125 0.0125
0 0.54921875 0.4984375 0.00625 0.009375
0 0.5375 0.5203125 0.009375 0.009375
0 0.5359375 0.546875 0.00625 0.009375
0 0.55546875 0.65078125 0.0078125 0.0125
0 0.53984375 0.89296875 0.00625 0.0109375
0 0.55 0.90390625 0.00625 0.009375
0 0.53671875 0.915625 0.009375 0.0125
0 0.50234375 0.91484375 0.00625 0.0109375
0 0.60078125 0.9 0.00625 0.009375
0 0.603125 0.915625 0.0078125 0.0109375
0 0.6078125 0.9171875 0.00625 0.0078125
0 0.6140625 0.91171875 0.00625 0.009375
0 0.58671875 0.99140625 0.0078125 0.0109375
0 0.5921875 0.9984375 0.00625 0.003125
0 0.796875 0.83515625 0.0109375 0.0171875
0 0.71875 0.7578125 0.0078125 0.0125
0 0.72890625 0.73125 0.009375 0.0140625
0 0.759375 0.703125 0.0078125 0.0109375
0 0.77109375 0.69140625 0.00625 0.0109375
0 0.78984375 0.6359375 0.0046875 0.0078125
0 0.80859375 0.45546875 0.0109375 0.0140625
0 0.81953125 0.4578125 0.00625 0.0109375
0 0.81953125 0.43984375 0.009375 0.0140625
0 0.7765625 0.32421875 0.009375 0.0125
0 0.7828125 0.3390625 0.0078125 0.009375
0 0.80234375 0.31640625 0.0125 0.015625
0 0.85390625 0.375 0.009375 0.015625
0 0.865625 0.37578125 0.0078125 0.0109375
0 0.8703125 0.39140625 0.0109375 0.0140625
0 0.6546875 0.49921875 0.0078125 0.0125
0 0.6578125 0.478125 0.009375 0.0140625
0 0.6296875 0.4921875 0.00625 0.0078125
0 0.6203125 0.53046875 0.00625 0.009375
0 0.690625 0.82734375 0.00625 0.009375
0 0.9703125 0.89453125 0.00625 0.009375
0 0.68125 0.2140625 0.0046875 0.0078125
0 0.6265625 0.2421875 0.0046875 0.0078125
0 0.57421875 0.2734375 0.0140625 0.021875
0 0.953125 0.1640625 0.0125 0.0203125