0 0.5578125 0.6796875 0.02265625 0.01171875
0 0.775 0.6921875 0.01875 0.01015625
0 0.8203125 0.675 0.0125 0.00703125
0 0.68984375 0.72265625 0.01875 0.0125
0 0.77265625 0.7390625 0.0171875 0.0125
0 0.49140625 0.72578125 0.01328125 0.0078125
0 0.3796875 0.803125 0.0125 0.00859375
0 0.35625 0.82265625 0.0109375 0.00703125
0 0.30546875 0.8515625 0.009375 0.00703125
0 0.2390625 0.83046875 0.0078125 0.00625
0 0.303125 0.890625 0.0125 0.00859375
0 0.334375 0.54765625 0.0125 0.00703125
0 0.3390625 0.48046875 0.01015625 0.00625
0 0.34375 0.65390625 0.0109375 0.00625
0 0.29765625 0.871875 0.00703125 0.00546875
0 0.2765625 0.69296875 0.00625 0.0046875
0 0.296875 0.65625 0.01328125 0.00546875
0 0.3515625 0.70390625 0.01328125 0.00625