0 0.69296875 0.01171875 0.00625 0.00625
0 0.7875 0.0671875 0.00625 0.0078125
0 0.81171875 0.12578125 0.0078125 0.0078125
0 0.78359375 0.2390625 0.00625 0.0046875
0 0.6484375 0.35703125 0.00625 0.0078125
0 0.8359375 0.60703125 0.00625 0.0078125
0 0.59140625 0.67265625 0.00625 0.0078125
0 0.575 0.68671875 0.00625 0.0078125
0 0.4609375 0.58671875 0.0046875 0.0109375
0 0.2671875 0.5421875 0.0078125 0.0078125
0 0.459375 0.2875 0.0078125 0.009375
0 0.38828125 0.278125 0.0078125 0.009375
0 0.40859375 0.190625 0.0078125 0.0125
0 0.18359375 0.02890625 0.0109375 0.0109375
0 0.8390625 0.14296875 0.003125 0.00625
0 0.334375 0.625 0.003125 0.0046875
0 0.4046875 0.09453125 0.0046875 0.0046875