0 0.10625 0.0078125 0.01171875 0.01484375
0 0.134375 0.0421875 0.01328125 0.01796875
0 0.1484375 0.03671875 0.00625 0.009375
0 0.1625 0.046875 0.009375 0.0109375
0 0.19453125 0.02109375 0.009375 0.0109375
0 0.11640625 0.1 0.00859375 0.0109375
0 0.125 0.1046875 0.00703125 0.009375
0 0.16796875 0.1 0.0078125 0.01015625
0 0.1328125 0.0640625 0.0078125 0.0109375
0 0.1875 0.11484375 0.00546875 0.009375
0 0.20078125 0.0890625 0.00546875 0.00859375
0 0.1984375 0.11796875 0.00703125 0.0078125
0 0.20390625 0.125 0.00859375 0.0109375
0 0.28671875 0.015625 0.00546875 0.00703125
0 0.296875 0.015625 0.00546875 0.009375
0 0.425 0.0265625 0.00703125 0.00859375
0 0.425 0.05234375 0.0109375 0.0109375
0 0.4375 0.03984375 0.0140625 0.015625
0 0.43671875 0.0625 0.00703125 0.0109375
0 0.2734375 0.24453125 0.00859375 0.0125
0 0.21953125 0.33984375 0.01171875 0.0171875
0 0.30546875 0.36640625 0.00703125 0.015625
0 0.2640625 0.4796875 0.00703125 0.01015625
0 0.2640625 0.4953125 0.00703125 0.01328125
0 0.303125 0.4640625 0.00703125 0.0109375
0 0.378125 0.48125 0.00703125 0.009375
0 0.34609375 0.48125 0.00859375 0.00625
0 0.41328125 0.48125 0.0078125 0.009375
0 0.38671875 0.45859375 0.00625 0.01171875
0 0.37109375 0.465625 0.00625 0.01015625
0 0.36796875 0.45390625 0.00625 0.0078125
0 0.44921875 0.478125 0.00625 0.0109375
0 0.26875 0.5921875 0.00625 0.0109375
0 0.26328125 0.6078125 0.00625 0.01015625
0 0.36328125 0.575 0.0046875 0.01015625
0 0.371875 0.590625 0.00625 0.01328125
0 0.303125 0.665625 0.00625 0.00859375
0 0.3109375 0.678125 0.00703125 0.015625
0 0.33046875 0.6859375 0.00625 0.0109375
0 0.315625 0.6703125 0.00625 0.0125
0 0.3625 0.70234375 0.00625 0.01015625
0 0.34453125 0.7078125 0.00546875 0.01015625
0 0.37109375 0.7125 0.00546875 0.0109375
0 0.39453125 0.69921875 0.00625 0.0109375
0 0.4234375 0.63046875 0.00546875 0.0125
0 0.146875 0.7640625 0.00625 0.01015625
0 0.12734375 0.78046875 0.00546875 0.00859375
0 0.11796875 0.81328125 0.00546875 0.01015625
0 0.14140625 0.7796875 0.0046875 0.00859375
0 0.1671875 0.7984375 0.0046875 0.00859375
0 0.10703125 0.84140625 0.00546875 0.01015625
0 0.209375 0.91015625 0.0046875 0.00703125
0 0.20625 0.9265625 0.0046875 0.009375
0 0.21875 0.93828125 0.00390625 0.009375
0 0.13203125 0.88359375 0.00546875 0.0078125
0 0.1421875 0.909375 0.00390625 0.00859375
0 0.10078125 0.88359375 0.00390625 0.0078125
0 0.11484375 0.89375 0.0046875 0.00859375
0 0.0859375 0.915625 0.00546875 0.00859375
0 0.35234375 0.8546875 0.00625 0.01171875
0 0.36796875 0.84375 0.00546875 0.0078125
0 0.3625 0.86875 0.00859375 0.0171875
0 0.35703125 0.8828125 0.00546875 0.009375
0 0.33984375 0.90859375 0.00546875 0.00859375
0 0.33203125 0.93984375 0.00625 0.0109375
0 0.4734375 0.94375 0.00546875 0.0078125
0 0.48984375 0.79921875 0.0046875 0.009375
0 0.41015625 0.3203125 0.0046875 0.0078125
0 0.57890625 0.1515625 0.00625 0.01015625
0 0.5265625 0.1703125 0.0046875 0.00859375
0 0.5109375 0.14765625 0.00546875 0.009375
0 0.49296875 0.13046875 0.00546875 0.009375
0 0.48359375 0.10546875 0.0046875 0.00859375
0 0.5203125 0.08828125 0.00546875 0.0078125
0 0.57734375 0.26015625 0.00546875 0.009375
0 0.57109375 0.3375 0.00625 0.01171875
0 0.58046875 0.3390625 0.00546875 0.009375
0 0.56796875 0.37109375 0.00546875 0.01015625
0 0.50078125 0.4125 0.00390625 0.00859375
0 0.496875 0.40859375 0.00390625 0.0078125
0 0.5140625 0.428125 0.00546875 0.00859375
0 0.54296875 0.46015625 0.00546875 0.01015625
0 0.5265625 0.46953125 0.0046875 0.0078125
0 0.53671875 0.47265625 0.00625 0.01015625
0 0.5234375 0.490625 0.00546875 0.01171875
0 0.55546875 0.47265625 0.0046875 0.0078125
0 0.54609375 0.49375 0.00859375 0.009375
0 0.54609375 0.51875 0.00625 0.00859375
0 0.5703125 0.61328125 0.00625 0.01171875
0 0.57265625 0.8390625 0.0046875 0.01015625
0 0.58203125 0.84765625 0.00546875 0.00859375
0 0.57109375 0.859375 0.00703125 0.01171875
0 0.5390625 0.8625 0.00546875 0.009375
0 0.62890625 0.84140625 0.00546875 0.00859375
0 0.6328125 0.8546875 0.00625 0.009375
0 0.6375 0.85625 0.00546875 0.00703125
0 0.64140625 0.8515625 0.00546875 0.0078125
0 0.621875 0.92734375 0.00625 0.009375
0 0.6296875 0.9390625 0.00625 0.01328125
0 0.66015625 0.97421875 0.009375 0.01640625
0 0.7921875 0.97109375 0.009375 0.015625
0 0.80078125 0.96796875 0.00625 0.01796875
0 0.82421875 0.9515625 0.00859375 0.01171875
0 0.83671875 0.9921875 0.00546875 0.01015625
0 0.80703125 0.76796875 0.00859375 0.01484375
0 0.72890625 0.70234375 0.00625 0.0109375
0 0.7375 0.67734375 0.0078125 0.01328125
0 0.76328125 0.6484375 0.00625 0.01015625
0 0.7734375 0.63671875 0.00625 0.009375
0 0.7875 0.584375 0.0046875 0.00703125
0 0.79375 0.415625 0.00859375 0.0125
0 0.803125 0.4171875 0.0046875 0.009375
0 0.803125 0.40078125 0.0078125 0.01328125
0 0.7546875 0.29609375 0.0078125 0.0109375
0 0.76171875 0.309375 0.00625 0.00859375
0 0.778125 0.2875 0.0109375 0.0140625
0 0.83046875 0.33828125 0.0078125 0.0140625
0 0.840625 0.33828125 0.00625 0.01015625
0 0.84609375 0.35234375 0.009375 0.01328125
0 0.653125 0.46640625 0.00546875 0.0109375
0 0.65546875 0.44609375 0.0078125 0.01328125
0 0.6296875 0.46171875 0.00546875 0.00703125
0 0.62265625 0.496875 0.0046875 0.0078125
0 0.70859375 0.76796875 0.00546875 0.0078125
0 0.97265625 0.81328125 0.00625 0.00703125
0 0.984375 0.81796875 0.00859375 0.01328125
0 0.98671875 0.1375 0.0078125 0.01015625
0 0.659375 0.2 0.00390625 0.0078125
0 0.61015625 0.2296875 0.0046875 0.00703125
0 0.5640625 0.2625 0.0125 0.01953125
0 0.90859375 0.13671875 0.0109375 0.01875