0 0.5296875 0.0171875 0.015625 0.015625
0 0.33359375 0.03515625 0.0125 0.0109375
0 0.34453125 0.03984375 0.0109375 0.0125
0 0.36875 0.02734375 0.01875 0.0171875
0 0.621875 0.075 0.0125 0.015625
0 0.68046875 0.11171875 0.0140625 0.015625
0 0.64453125 0.1453125 0.0109375 0.0171875
0 0.49765625 0.16015625 0.0125 0.015625
0 0.56796875 0.1796875 0.009375 0.0125
0 0.60625 0.18671875 0.0109375 0.0125
0 0.6375 0.18828125 0.0109375 0.0171875
0 0.60546875 0.20625 0.0109375 0.0140625
0 0.54453125 0.2171875 0.0078125 0.009375
0 0.4328125 0.25390625 0.009375 0.015625
0 0.5796875 0.2640625 0.0109375 0.01875
0 0.63046875 0.259375 0.009375 0.0125
0 0.61796875 0.2515625 0.0078125 0.0109375
0 0.60078125 0.24921875 0.009375 0.009375
0 0.59296875 0.23203125 0.009375 0.009375
0 0.56953125 0.23359375 0.009375 0.009375
0 0.66953125 0.25859375 0.0171875 0.0234375
0 0.65 0.265625 0.0078125 0.009375
0 0.63203125 0.31015625 0.009375 0.0125
0 0.55234375 0.27734375 0.009375 0.009375
0 0.58046875 0.28984375 0.0078125 0.0109375
0 0.52734375 0.30078125 0.009375 0.0140625
0 0.56171875 0.30859375 0.0109375 0.0109375
0 0.54296875 0.24921875 0.0078125 0.009375
0 0.47578125 0.18828125 0.009375 0.0109375
0 0.51640625 0.21640625 0.0078125 0.009375
0 0.45 0.1984375 0.0078125 0.0078125
0 0.26328125 0.26328125 0.0078125 0.0109375
0 0.72265625 0.30859375 0.009375 0.0125
0 0.74765625 0.32578125 0.009375 0.0125
0 0.66953125 0.34765625 0.009375 0.0125
0 0.7296875 0.35546875 0.009375 0.0125
0 0.68984375 0.3734375 0.0109375 0.0125
0 0.6875 0.40078125 0.0078125 0.0125
0 0.746875 0.36640625 0.009375 0.0140625
0 0.73828125 0.4 0.009375 0.0125
0 0.7125 0.409375 0.009375 0.0140625
0 0.8171875 0.3921875 0.0078125 0.0109375
0 0.784375 0.46328125 0.0109375 0.0140625
0 0.7546875 0.5078125 0.009375 0.0125
0 0.81015625 0.51484375 0.009375 0.0125
0 0.86484375 0.52578125 0.009375 0.0125
0 0.80859375 0.5984375 0.0109375 0.0140625
0 0.81015625 0.69453125 0.0109375 0.0171875
0 0.76171875 0.68125 0.009375 0.0140625
0 0.84921875 0.76640625 0.015625 0.0203125
0 0.83671875 0.79921875 0.0109375 0.0140625
0 0.85546875 0.85390625 0.0109375 0.0109375
0 0.83671875 0.903125 0.009375 0.0109375
0 0.71640625 0.9203125 0.0109375 0.015625
0 0.57734375 0.87890625 0.015625 0.025
0 0.59765625 0.98203125 0.0140625 0.0171875
0 0.54453125 0.84453125 0.0078125 0.0125
0 0.46015625 0.8828125 0.0125 0.0140625
0 0.51328125 0.78671875 0.0078125 0.0109375
0 0.471875 0.8453125 0.0078125 0.009375
0 0.5171875 0.6953125 0.0109375 0.015625
0 0.490625 0.71484375 0.0109375 0.0171875
0 0.41484375 0.73828125 0.0109375 0.0171875
0 0.45625 0.72421875 0.0078125 0.009375
0 0.46796875 0.75078125 0.00625 0.009375
0 0.446875 0.75703125 0.009375 0.0125
0 0.58984375 0.64921875 0.0109375 0.0109375
0 0.51015625 0.55546875 0.0125 0.0140625
0 0.50078125 0.53125 0.015625 0.0203125
0 0.6703125 0.4296875 0.009375 0.0140625
0 0.62578125 0.47265625 0.0078125 0.0109375
0 0.58359375 0.4625 0.00625 0.009375
0 0.571875 0.4640625 0.0046875 0.0078125
0 0.53984375 0.44296875 0.0078125 0.0125
0 0.53828125 0.40546875 0.0078125 0.0109375
0 0.50390625 0.45 0.009375 0.0125
0 0.61640625 0.340625 0.0078125 0.009375
0 0.540625 0.290625 0.0078125 0.009375
0 0.6125 0.2703125 0.0109375 0.009375
0 0.5828125 0.2390625 0.0078125 0.0078125
0 0.55859375 0.02265625 0.0078125 0.009375
0 0.55703125 0.04375 0.0078125 0.0078125
0 0.50078125 0.0234375 0.009375 0.0078125
0 0.47421875 0.0171875 0.00625 0.0078125
0 0.4796875 0.003125 0.00625 0.00625
0 0.52578125 0.059375 0.0078125 0.009375
0 0.50625 0.2609375 0.0109375 0.0109375
0 0.4640625 0.28125 0.0109375 0.0125
0 0.5171875 0.30390625 0.0078125 0.009375
0 0.5203125 0.3234375 0.0078125 0.0109375
0 0.4609375 0.3109375 0.0109375 0.0140625
0 0.48828125 0.3125 0.0078125 0.0125
0 0.434375 0.3515625 0.00625 0.0078125
0 0.47109375 0.3859375 0.0078125 0.009375
0 0.4765625 0.4296875 0.00625 0.0078125
0 0.4984375 0.42109375 0.0078125 0.0109375
0 0.596875 0.553125 0.0078125 0.009375
0 0.6984375 0.5515625 0.0078125 0.009375
0 0.46484375 0.6421875 0.0078125 0.0109375
0 0.51875 0.665625 0.0078125 0.009375
0 0.39375 0.66953125 0.0109375 0.015625
0 0.37421875 0.69296875 0.0109375 0.0140625
0 0.33515625 0.66328125 0.0125 0.015625
0 0.37578125 0.63125 0.0078125 0.009375
0 0.42578125 0.60390625 0.0078125 0.0078125
0 0.26953125 0.67578125 0.0125 0.0203125
0 0.28359375 0.634375 0.009375 0.0140625
0 0.29453125 0.71796875 0.0078125 0.009375
0 0.31328125 0.7171875 0.0078125 0.009375
0 0.27734375 0.70546875 0.009375 0.009375
0 0.259375 0.70546875 0.009375 0.0109375
0 0.31484375 0.6296875 0.009375 0.009375
0 0.26875 0.61796875 0.0078125 0.0109375
0 0.209375 0.6515625 0.00625 0.0078125
0 0.22734375 0.74296875 0.015625 0.0265625
0 0.40390625 0.75703125 0.0125 0.015625
0 0.4296875 0.76171875 0.00625 0.0109375
0 0.4171875 0.77109375 0.0078125 0.0109375
0 0.36875 0.803125 0.0140625 0.0203125
0 0.309375 0.82734375 0.0109375 0.0171875
0 0.3921875 0.8453125 0.00625 0.009375
0 0.25859375 0.87421875 0.0109375 0.0140625
0 0.45546875 0.95390625 0.0125 0.015625
0 0.35703125 0.9984375 0.0078125 0.003125
0 0.37890625 0.9578125 0.00625 0.009375
0 0.35859375 0.953125 0.0109375 0.0140625
0 0.36484375 0.93125 0.0078125 0.009375
0 0.34921875 0.91640625 0.0078125 0.0125
0 0.29296875 0.9796875 0.009375 0.015625
0 0.13671875 0.7109375 0.0125 0.0203125
0 0.0921875 0.80703125 0.0125 0.01875
0 0.128125 0.85078125 0.0109375 0.0203125
0 0.14609375 0.3453125 0.0109375 0.01875
0 0.1671875 0.34296875 0.0109375 0.015625
0 0.0640625 0.4015625 0.0125 0.015625
0 0.46015625 0.8171875 0.009375 0.0140625
0 0.3046875 0.79296875 0.0125 0.015625
0 0.5515625 0.76484375 0.009375 0.0125
0 0.534375 0.7703125 0.0125 0.0171875
0 0.36171875 0.8390625 0.0109375 0.0171875