0 0.8140625 0.0828125 0.0140625 0.01875
0 0.68359375 0.2109375 0.0140625 0.015625
0 0.696875 0.184375 0.0125 0.01875
0 0.65078125 0.12578125 0.009375 0.0125
0 0.61796875 0.1328125 0.0203125 0.015625
0 0.5921875 0.1984375 0.0140625 0.0234375
0 0.4765625 0.28125 0.0171875 0.0203125
0 0.52578125 0.28984375 0.015625 0.0171875
0 0.39609375 0.31875 0.015625 0.021875
0 0.3609375 0.34296875 0.0140625 0.01875
0 0.40234375 0.34609375 0.0125 0.0125
0 0.425 0.3625 0.0171875 0.025
0 0.409375 0.38515625 0.0140625 0.0171875
0 0.31796875 0.3734375 0.0171875 0.028125
0 0.353125 0.41015625 0.0125 0.0171875
0 0.28515625 0.34609375 0.009375 0.015625
0 0.24765625 0.38125 0.0171875 0.021875
0 0.30546875 0.39765625 0.009375 0.0109375
0 0.27265625 0.38671875 0.00625 0.0140625
0 0.25625 0.50078125 0.0171875 0.021875
0 0.34609375 0.46171875 0.0125 0.0140625
0 0.46640625 0.44375 0.009375 0.0171875
0 0.48359375 0.4375 0.0078125 0.0109375
0 0.475 0.43828125 0.0109375 0.0140625
0 0.43515625 0.471875 0.009375 0.0140625
0 0.38046875 0.44140625 0.00625 0.0125
0 0.478125 0.3890625 0.015625 0.0171875
0 0.51015625 0.39375 0.0109375 0.015625
0 0.5015625 0.42578125 0.0109375 0.01875
0 0.521875 0.40703125 0.0140625 0.015625
0 0.5203125 0.39296875 0.0078125 0.015625
0 0.52109375 0.3578125 0.0109375 0.015625
0 0.546875 0.378125 0.009375 0.0140625
0 0.5609375 0.35625 0.0078125 0.0125
0 0.5984375 0.44296875 0.0078125 0.0140625
0 0.53515625 0.4390625 0.009375 0.0109375
0 0.54765625 0.41796875 0.028125 0.0171875
0 0.503125 0.4921875 0.0078125 0.0140625
0 0.4328125 0.51953125 0.009375 0.015625
0 0.4453125 0.5015625 0.009375 0.015625
0 0.38671875 0.546875 0.0078125 0.0140625
0 0.39921875 0.5296875 0.009375 0.0109375
0 0.375 0.515625 0.0078125 0.009375
0 0.3859375 0.5046875 0.00625 0.0125
0 0.35 0.553125 0.00625 0.0109375
0 0.34765625 0.54296875 0.00625 0.0109375
0 0.33359375 0.5734375 0.0078125 0.0125
0 0.3296875 0.56171875 0.01875 0.01875
0 0.315625 0.54609375 0.0078125 0.015625
0 0.359375 0.5734375 0.0078125 0.0125
0 0.340625 0.59296875 0.009375 0.0125
0 0.359375 0.61484375 0.009375 0.0125
0 0.34375 0.615625 0.0078125 0.0109375
0 0.3234375 0.61484375 0.0078125 0.0109375
0 0.3359375 0.6265625 0.00625 0.009375
0 0.33203125 0.64765625 0.0078125 0.0125
0 0.44609375 0.6078125 0.01875 0.01875
0 0.41875 0.6171875 0.0109375 0.0140625
0 0.42578125 0.58125 0.009375 0.0125
0 0.60390625 0.55390625 0.0203125 0.015625
0 0.57578125 0.75703125 0.0125 0.0140625
0 0.39453125 0.640625 0.009375 0.0109375
0 0.384375 0.62734375 0.0234375 0.015625
0 0.30078125 0.69765625 0.0140625 0.0109375
0 0.34609375 0.74609375 0.0125 0.015625
0 0.35 0.77265625 0.0109375 0.0109375
0 0.32578125 0.7609375 0.0140625 0.015625
0 0.41953125 0.75625 0.015625 0.0125
0 0.41171875 0.7109375 0.0109375 0.0140625
0 0.40703125 0.68828125 0.0125 0.0109375
0 0.428125 0.7078125 0.0125 0.0125
0 0.4328125 0.72421875 0.0140625 0.0125
0 0.44609375 0.7421875 0.0140625 0.0125
0 0.46484375 0.7234375 0.0140625 0.0140625
0 0.49296875 0.72109375 0.0140625 0.015625
0 0.50859375 0.7390625 0.0078125 0.0078125
0 0.4734375 0.75078125 0.0109375 0.009375
0 0.4921875 0.85390625 0.0109375 0.0109375
0 0.5171875 0.83046875 0.009375 0.0109375
0 0.53515625 0.7828125 0.0078125 0.0125
0 0.46953125 0.91640625 0.0078125 0.0125
0 0.4640625 0.96015625 0.0078125 0.015625
0 0.47421875 0.9296875 0.00625 0.0109375
0 0.3890625 0.87421875 0.0078125 0.0109375
0 0.42109375 0.846875 0.009375 0.015625
0 0.4125 0.834375 0.0109375 0.015625
0 0.41640625 0.99453125 0.0078125 0.0109375
0 0.41953125 0.99765625 0.0078125 0.0046875
0 0.39609375 0.9984375 0.0046875 0.003125
0 0.3671875 0.9609375 0.0109375 0.0171875
0 0.37890625 0.94765625 0.0078125 0.0109375
0 0.4015625 0.92890625 0.0078125 0.009375
0 0.36171875 0.90703125 0.0109375 0.0140625
0 0.353125 0.88125 0.0171875 0.0171875
0 0.66484375 0.96484375 0.0078125 0.0125
0 0.615625 0.946875 0.0078125 0.0109375
0 0.55859375 0.92421875 0.009375 0.0140625
0 0.5328125 0.94765625 0.01875 0.015625
0 0.5828125 0.96328125 0.0109375 0.015625
0 0.6078125 0.96640625 0.0078125 0.0140625
0 0.66953125 0.8453125 0.009375 0.0140625
0 0.61796875 0.85390625 0.0078125 0.0140625
0 0.63203125 0.77265625 0.0109375 0.015625
0 0.68203125 0.79296875 0.00625 0.0109375
0 0.67265625 0.7875 0.0078125 0.009375
0 0.6828125 0.75078125 0.00625 0.0140625
0 0.61640625 0.73046875 0.009375 0.0140625
0 0.57890625 0.7109375 0.009375 0.015625
0 0.6296875 0.67890625 0.0078125 0.0109375
0 0.61640625 0.671875 0.0109375 0.025
0 0.6015625 0.6734375 0.0078125 0.0140625
0 0.5734375 0.68125 0.009375 0.0125
0 0.5828125 0.671875 0.009375 0.015625
0 0.55390625 0.678125 0.0078125 0.0109375
0 0.53125 0.67890625 0.0109375 0.0171875
0 0.5078125 0.6640625 0.015625 0.0140625
0 0.5015625 0.6296875 0.0078125 0.0109375
0 0.48125 0.625 0.009375 0.0140625
0 0.6140625 0.62421875 0.0078125 0.0125
0 0.6515625 0.57734375 0.009375 0.0140625
0 0.6734375 0.6046875 0.0109375 0.015625
0 0.55859375 0.58125 0.0078125 0.0140625
0 0.58046875 0.57109375 0.0078125 0.015625
0 0.5296875 0.56484375 0.009375 0.0125
0 0.48203125 0.54921875 0.0078125 0.0140625
0 0.46171875 0.55859375 0.0109375 0.0140625
0 0.4703125 0.5421875 0.0078125 0.015625
0 0.40625 0.57109375 0.0109375 0.015625
0 0.609375 0.47734375 0.0140625 0.0109375
0 0.61875 0.34765625 0.009375 0.0125
0 0.621875 0.38046875 0.0125 0.021875
0 0.634375 0.40078125 0.009375 0.015625
0 0.56640625 0.38671875 0.025 0.0265625
0 0.63046875 0.24921875 0.0125 0.0125
0 0.64296875 0.26640625 0.0125 0.0171875
0 0.44921875 0.184375 0.0109375 0.0171875
0 0.62578125 0.15625 0.00625 0.0125
0 0.61328125 0.15859375 0.00625 0.0109375
0 0.5859375 0.14296875 0.0078125 0.0109375
0 0.534375 0.171875 0.009375 0.0125
0 0.51171875 0.10703125 0.00625 0.009375
0 0.31875 0.41953125 0.0078125 0.0125
0 0.33046875 0.43515625 0.0078125 0.009375
0 0.26171875 0.42265625 0.009375 0.015625
0 0.290625 0.41484375 0.015625 0.015625
0 0.278125 0.44296875 0.0109375 0.0171875
0 0.2609375 0.465625 0.015625 0.0265625
0 0.22421875 0.43984375 0.0109375 0.015625
0 0.2140625 0.41796875 0.0125 0.015625
0 0.2328125 0.4265625 0.0078125 0.0125
0 0.17890625 0.425 0.0140625 0.0375
0 0.22421875 0.396875 0.0078125 0.0140625
0 0.2640625 0.3328125 0.009375 0.0125
0 0.25703125 0.35859375 0.0125 0.01875
0 0.2734375 0.3609375 0.009375 0.0140625
0 0.30234375 0.36328125 0.009375 0.0140625
0 0.09609375 0.43203125 0.0171875 0.025
0 0.26484375 0.65703125 0.0125 0.0140625
0 0.30625 0.8578125 0.0109375 0.0171875
0 0.27578125 0.88359375 0.0109375 0.0171875
0 0.321875 0.80859375 0.0125 0.0234375
0 0.33515625 0.7953125 0.0109375 0.0109375
0 0.3546875 0.80234375 0.0140625 0.0125
0 0.36484375 0.81875 0.009375 0.0109375
0 0.20546875 0.81796875 0.0078125 0.0171875
0 0.21796875 0.821875 0.009375 0.0140625
0 0.225 0.84453125 0.00625 0.0109375
0 0.209375 0.84921875 0.0109375 0.0203125
0 0.23125 0.81875 0.009375 0.0140625
0 0.22734375 0.940625 0.0109375 0.0171875
0 0.22734375 0.95390625 0.0078125 0.009375
0 0.2 0.96015625 0.0078125 0.0109375
0 0.2375 0.91015625 0.0109375 0.0125
0 0.2609375 0.91328125 0.0078125 0.0125
0 0.1734375 0.86640625 0.009375 0.0125
0 0.18671875 0.87421875 0.009375 0.0109375
0 0.0703125 0.4125 0.0109375 0.0125
0 0.03984375 0.41953125 0.0078125 0.0109375
0 0.0609375 0.38359375 0.0109375 0.0140625
0 0.03828125 0.36171875 0.0109375 0.0125
0 0.025 0.36328125 0.009375 0.009375
0 0.22890625 0.67265625 0.0140625 0.0125
0 0.21484375 0.6296875 0.0125 0.015625
0 0.0515625 0.5609375 0.0109375 0.0171875
0 0.0734375 0.596875 0.0109375 0.01875
0 0.01171875 0.47734375 0.0078125 0.0140625
0 0.01328125 0.49765625 0.009375 0.0140625
0 0.0390625 0.3953125 0.0140625 0.015625
0 0.72109375 0.3703125 0.0125 0.0171875
0 0.9484375 0.09296875 0.0078125 0.0125
0 0.965625 0.15859375 0.0078125 0.0109375
0 0.9203125 0.13984375 0.00625 0.009375
0 0.89375 0.1921875 0.00625 0.0078125
0 0.940625 0.23984375 0.00625 0.00625
0 0.8859375 0.27578125 0.009375 0.0109375
0 0.90390625 0.28828125 0.00625 0.009375
0 0.94765625 0.278125 0.0046875 0.0109375
0 0.87734375 0.284375 0.0046875 0.0078125
0 0.85078125 0.303125 0.00625 0.009375
0 0.84921875 0.35078125 0.00625 0.0078125
0 0.8390625 0.33203125 0.0046875 0.00625
0 0.8921875 0.3890625 0.009375 0.0125
0 0.92578125 0.38984375 0.0078125 0.009375
0 0.9546875 0.378125 0.00625 0.009375
0 0.86171875 0.44296875 0.009375 0.0109375
0 0.8609375 0.4890625 0.00625 0.0109375
0 0.77109375 0.46796875 0.0109375 0.0125
0 0.70703125 0.56875 0.0046875 0.0046875
0 0.775 0.56171875 0.00625 0.00625
0 0.80390625 0.5484375 0.0046875 0.0046875
0 0.790625 0.51875 0.0078125 0.00625
0 0.771875 0.53515625 0.0046875 0.0046875
0 0.68515625 0.5328125 0.00625 0.0078125
0 0.84296875 0.46328125 0.003125 0.00625
0 0.821875 0.45546875 0.003125 0.00625
0 0.87265625 0.4078125 0.0078125 0.0078125
0 0.89765625 0.53203125 0.0078125 0.009375
0 0.8140625 0.7609375 0.0046875 0.00625
0 0.82265625 0.16171875 0.0046875 0.00625
0 0.7203125 0.165625 0.0078125 0.009375
0 0.72734375 0.30625 0.0046875 0.009375
0 0.725 0.43203125 0.0109375 0.009375
0 0.7203125 0.5 0.00625 0.00625
0 0.6890625 0.48515625 0.00625 0.00625
0 0.8 0.76171875 0.0046875 0.00625
0 0.8421875 0.74296875 0.0046875 0.00625
0 0.7890625 0.59296875 0.00625 0.009375
0 0.7890625 0.64609375 0.0078125 0.009375
0 0.8046875 0.5796875 0.009375 0.0140625
0 0.90546875 0.3140625 0.00625 0.009375
0 0.90703125 0.35390625 0.0046875 0.0078125