0 0.75390625 0.01875 0.0125 0.0125
0 0.7796875 0.0390625 0.009375 0.0140625
0 0.83359375 0.08359375 0.009375 0.0109375
0 0.90234375 0.14609375 0.0125 0.0171875
0 0.8765625 0.1453125 0.0125 0.015625
0 0.71484375 0.0265625 0.0109375 0.0109375
0 0.70546875 0.07265625 0.0109375 0.021875
0 0.67734375 0.07421875 0.0109375 0.015625
0 0.7328125 0.1484375 0.0078125 0.0140625
0 0.74296875 0.1875 0.009375 0.0171875
0 0.5890625 0.08671875 0.0125 0.0125
0 0.56796875 0.0375 0.0125 0.015625
0 0.515625 0.109375 0.0109375 0.0125
0 0.51875 0.13359375 0.0109375 0.0125
0 0.49609375 0.146875 0.0140625 0.015625
0 0.44609375 0.15078125 0.0125 0.0171875
0 0.44140625 0.046875 0.0078125 0.0125
0 0.4171875 0.02734375 0.009375 0.0140625
0 0.46796875 0.05859375 0.0109375 0.0171875
0 0.33671875 0.059375 0.009375 0.0171875
0 0.29921875 0.0703125 0.009375 0.0125
0 0.271875 0.08515625 0.009375 0.0140625
0 0.23125 0.04375 0.015625 0.0171875
0 0.72578125 0.2609375 0.0109375 0.0140625
0 0.771875 0.28671875 0.0109375 0.0140625
0 0.7890625 0.35078125 0.009375 0.0109375
0 0.72890625 0.346875 0.009375 0.0125
0 0.77578125 0.3953125 0.0109375 0.015625
0 0.6796875 0.384375 0.009375 0.0125
0 0.64375 0.23671875 0.009375 0.0140625
0 0.49765625 0.21484375 0.0109375 0.0109375
0 0.475 0.190625 0.0109375 0.0109375
0 0.440625 0.19140625 0.009375 0.009375
0 0.45546875 0.2140625 0.0078125 0.0109375
0 0.43515625 0.2359375 0.009375 0.0140625
0 0.41953125 0.1765625 0.0125 0.015625
0 0.26171875 0.175 0.0140625 0.0171875
0 0.2421875 0.1640625 0.0109375 0.015625
0 0.2703125 0.2484375 0.0140625 0.0171875
0 0.2421875 0.2671875 0.0109375 0.0125
0 0.971875 0.3921875 0.015625 0.0140625
0 0.99765625 0.4515625 0.0046875 0.015625
0 0.96640625 0.50703125 0.0078125 0.0109375
0 0.92578125 0.47890625 0.0125 0.0125
0 0.94375 0.5359375 0.009375 0.0125
0 0.96875 0.5953125 0.009375 0.0140625
0 0.8375 0.540625 0.009375 0.0125
0 0.7265625 0.45546875 0.009375 0.0140625
0 0.6109375 0.38515625 0.0125 0.0140625
0 0.61015625 0.42265625 0.009375 0.015625
0 0.59609375 0.459375 0.009375 0.0171875
0 0.603125 0.490625 0.0109375 0.015625
0 0.559375 0.47421875 0.009375 0.015625
0 0.49609375 0.46015625 0.00625 0.0140625
0 0.53828125 0.5328125 0.009375 0.0140625
0 0.50625 0.55390625 0.009375 0.0125
0 0.528125 0.5625 0.0109375 0.0140625
0 0.5953125 0.565625 0.0078125 0.0109375
0 0.60390625 0.60546875 0.009375 0.0109375
0 0.63125 0.60859375 0.0109375 0.0109375
0 0.7078125 0.55546875 0.009375 0.0140625
0 0.73203125 0.58359375 0.0109375 0.0125
0 0.8921875 0.56171875 0.0125 0.0140625
0 0.9796875 0.678125 0.0109375 0.015625
0 0.9515625 0.72890625 0.009375 0.0140625
0 0.9640625 0.821875 0.009375 0.015625
0 0.91171875 0.7859375 0.0078125 0.0140625
0 0.88203125 0.8 0.0109375 0.015625
0 0.77109375 0.72109375 0.009375 0.0125
0 0.80390625 0.76171875 0.009375 0.0125
0 0.69609375 0.93046875 0.0125 0.03125
0 0.590625 0.77734375 0.009375 0.0125
0 0.57578125 0.8453125 0.009375 0.0125
0 0.51640625 0.79765625 0.009375 0.015625
0 0.55859375 0.74375 0.009375 0.015625
0 0.475 0.76640625 0.0125 0.0171875
0 0.48671875 0.7328125 0.009375 0.009375
0 0.4171875 0.703125 0.009375 0.009375
0 0.37734375 0.75546875 0.0078125 0.0109375
0 0.44296875 0.83125 0.009375 0.0140625
0 0.47734375 0.98515625 0.0109375 0.0140625
0 0.32890625 0.7375 0.0078125 0.0125
0 0.30859375 0.775 0.0078125 0.009375
0 0.2328125 0.83828125 0.0109375 0.0140625
0 0.278125 0.7 0.0078125 0.0125
0 0.26640625 0.6765625 0.009375 0.0109375
0 0.2953125 0.6140625 0.0078125 0.0125
0 0.26875 0.621875 0.009375 0.0140625
0 0.4125 0.61953125 0.0078125 0.0125
0 0.421875 0.48046875 0.0078125 0.0078125
0 0.3625 0.4390625 0.009375 0.0125
0 0.3765625 0.4640625 0.0171875 0.009375
0 0.38203125 0.49140625 0.009375 0.009375
0 0.28671875 0.4875 0.0109375 0.0078125
0 0.25625 0.53515625 0.0125 0.0140625
0 0.26015625 0.3765625 0.009375 0.0125
0 0.23125 0.38203125 0.0109375 0.0109375
0 0.20234375 0.2828125 0.0109375 0.0140625
0 0.196875 0.32578125 0.0078125 0.009375
0 0.16484375 0.31015625 0.0109375 0.0171875
0 0.14296875 0.3328125 0.0109375 0.0171875
0 0.1765625 0.26875 0.0078125 0.0125
0 0.153125 0.2671875 0.009375 0.0109375
0 0.19609375 0.13359375 0.009375 0.0140625
0 0.19140625 0.05703125 0.0109375 0.0171875
0 0.17265625 0.08359375 0.0125 0.0171875
0 0.16484375 0.16171875 0.009375 0.0140625
0 0.13984375 0.16484375 0.0078125 0.0109375
0 0.1421875 0.12734375 0.0078125 0.0125
0 0.11640625 0.15 0.0078125 0.0140625
0 0.09609375 0.1140625 0.009375 0.0140625
0 0.07109375 0.0890625 0.009375 0.0140625
0 0.06953125 0.0390625 0.0125 0.0171875
0 0.02578125 0.1453125 0.009375 0.0125
0 0.08125 0.13203125 0.009375 0.0109375
0 0.13046875 0.396875 0.009375 0.015625
0 0.11015625 0.45234375 0.0078125 0.0125
0 0.10390625 0.4125 0.0078125 0.0140625
0 0.1546875 0.4890625 0.009375 0.0109375
0 0.221875 0.60546875 0.0078125 0.0109375
0 0.140625 0.65703125 0.00625 0.0140625
0 0.20703125 0.75546875 0.009375 0.0109375
0 0.190625 0.75234375 0.0078125 0.0109375
0 0.10078125 0.70546875 0.009375 0.015625
0 0.04453125 0.64453125 0.0078125 0.0109375
0 0.00625 0.696875 0.009375 0.0125
0 0.1109375 0.56015625 0.0109375 0.015625
0 0.12890625 0.60078125 0.0109375 0.01875
0 0.0484375 0.42734375 0.009375 0.0171875
0 0.0171875 0.39921875 0.009375 0.0140625
0 0.0265625 0.28359375 0.0125 0.0140625
0 0.08671875 0.30546875 0.009375 0.0171875
0 0.07890625 0.328125 0.0109375 0.015625
0 0.1640625 0.39140625 0.0078125 0.00625