0 0.80703125 0.09140625 0.0078125 0.0109375
0 0.71796875 0.03125 0.0078125 0.0078125
0 0.79140625 0.2609375 0.0078125 0.009375
0 0.65078125 0.36796875 0.009375 0.0109375
0 0.46953125 0.2875 0.0046875 0.0078125
0 0.39921875 0.271875 0.0046875 0.00625
0 0.425 0.1875 0.0046875 0.00625
0 0.26171875 0.525 0.009375 0.0125
0 0.32265625 0.61015625 0.00625 0.009375
0 0.44921875 0.5828125 0.0078125 0.0140625
0 0.57265625 0.675 0.0078125 0.0109375
0 0.5625 0.65 0.0078125 0.009375
0 0.55546875 0.68984375 0.0078125 0.0109375
0 0.45625 0.84765625 0.00625 0.0109375
0 0.81796875 0.628125 0.00625 0.0109375
0 0.42109375 0.95703125 0.00625 0.0078125
0 0.26171875 0.753125 0.00625 0.0078125
0 0.2140625 0.0140625 0.0078125 0.009375
0 0.428125 0.0921875 0.00625 0.00625
0 0.54609375 0.065625 0.0046875 0.0078125
0 0.9171875 0.47265625 0.0125 0.01875
0 0.85234375 0.16953125 0.0078125 0.0109375