0 0.2265625 0.60625 0.0078125 0.01328125
0 0.28984375 0.59921875 0.0109375 0.01796875
0 0.29296875 0.62734375 0.009375 0.01796875
0 0.1734375 0.54296875 0.00859375 0.0109375
0 0.4453125 0.55078125 0.0078125 0.01796875
0 0.4171875 0.5296875 0.01171875 0.0234375
0 0.79921875 0.5234375 0.00859375 0.01328125
0 0.6125 0.45703125 0.003125 0.00703125
0 0.2328125 0.56328125 0.0078125 0.01328125
0 0.08671875 0.69375 0.00546875 0.0125
0 0.2296875 0.0234375 0.003125 0.00625
0 0.29140625 0.16015625 0.003125 0.00546875
0 0.3015625 0.053125 0.003125 0.0046875
0 0.12109375 0.1390625 0.003125 0.0046875
0 0.425 0.02578125 0.003125 0.0046875
0 0.3984375 0.03203125 0.00390625 0.00546875
0 0.5921875 0.21328125 0.00390625 0.0046875