0 0.47578125 0.30546875 0.015625 0.0234375
0 0.4625 0.31796875 0.0109375 0.021875
0 0.471875 0.340625 0.0125 0.0171875
0 0.40625 0.28046875 0.0109375 0.0203125
0 0.453125 0.45859375 0.0125 0.01875
0 0.53984375 0.428125 0.0109375 0.0171875
0 0.55625 0.4140625 0.0109375 0.0140625
0 0.56171875 0.4515625 0.0109375 0.015625
0 0.5203125 0.48671875 0.009375 0.0171875
0 0.5671875 0.47578125 0.0109375 0.0203125
0 0.60078125 0.384375 0.009375 0.015625
0 0.559375 0.37734375 0.0078125 0.015625
0 0.59765625 0.31328125 0.009375 0.0171875
0 0.6171875 0.2890625 0.0125 0.0203125
0 0.64609375 0.1984375 0.009375 0.021875
0 0.6578125 0.27578125 0.009375 0.01875
0 0.44609375 0.53359375 0.0125 0.021875
0 0.49609375 0.55703125 0.009375 0.0171875
0 0.41171875 0.625 0.0109375 0.0171875
0 0.4015625 0.6703125 0.0078125 0.0125
0 0.43125 0.65703125 0.0078125 0.015625
0 0.45546875 0.62421875 0.0078125 0.0125
0 0.45859375 0.5890625 0.009375 0.015625
0 0.47578125 0.603125 0.009375 0.015625
0 0.4671875 0.6578125 0.009375 0.015625
0 0.5125 0.58515625 0.0078125 0.01875
0 0.53125 0.5609375 0.0078125 0.0140625
0 0.5359375 0.54140625 0.009375 0.0171875
0 0.54921875 0.5421875 0.0078125 0.0109375
0 0.571875 0.53671875 0.009375 0.015625
0 0.52890625 0.6140625 0.009375 0.0140625
0 0.54921875 0.61484375 0.009375 0.015625
0 0.58984375 0.53515625 0.00625 0.0109375
0 0.60390625 0.52734375 0.0078125 0.015625
0 0.6375 0.4234375 0.009375 0.015625
0 0.66875 0.38359375 0.0078125 0.0171875
0 0.675 0.4421875 0.0078125 0.015625
0 0.70625 0.39765625 0.0078125 0.015625
0 0.71171875 0.325 0.0078125 0.015625
0 0.70234375 0.30703125 0.00625 0.0125
0 0.7203125 0.27734375 0.0078125 0.0171875
0 0.609375 0.1234375 0.00625 0.0171875
0 0.73671875 0.0625 0.0078125 0.021875
0 0.7421875 0.1390625 0.0078125 0.015625
0 0.77109375 0.309375 0.00625 0.0203125
0 0.81171875 0.32734375 0.0078125 0.01875
0 0.7859375 0.3359375 0.0109375 0.025
0 0.7984375 0.409375 0.0078125 0.0234375
0 0.7234375 0.46875 0.0078125 0.0125
0 0.73046875 0.53984375 0.00625 0.0125
0 0.72421875 0.5 0.009375 0.0171875
0 0.67265625 0.46796875 0.0078125 0.015625
0 0.76484375 0.546875 0.0078125 0.0171875
0 0.725 0.56328125 0.0078125 0.0140625
0 0.73828125 0.56328125 0.0078125 0.015625
0 0.74921875 0.5921875 0.009375 0.015625
0 0.68515625 0.5828125 0.0078125 0.0140625
0 0.69453125 0.59140625 0.00625 0.0125
0 0.70625 0.609375 0.0078125 0.0171875
0 0.715625 0.58671875 0.009375 0.0125
0 0.74375 0.653125 0.0078125 0.015625
0 0.7859375 0.6625 0.0078125 0.01875
0 0.77578125 0.68828125 0.00625 0.0140625
0 0.7328125 0.66953125 0.0078125 0.0171875
0 0.740625 0.6953125 0.0078125 0.0140625
0 0.70234375 0.68984375 0.0078125 0.0140625
0 0.6796875 0.65859375 0.0078125 0.0125
0 0.575 0.65234375 0.0125 0.0171875
0 0.5578125 0.659375 0.00625 0.015625
0 0.659375 0.62109375 0.00625 0.015625
0 0.65234375 0.59375 0.0078125 0.0140625
0 0.615625 0.64296875 0.00625 0.0140625
0 0.60703125 0.6421875 0.00625 0.0125
0 0.6828125 0.69921875 0.00625 0.015625
0 0.69296875 0.703125 0.0078125 0.0140625
0 0.74140625 0.709375 0.009375 0.0140625
0 0.734375 0.72109375 0.00625 0.0140625
0 0.7 0.75703125 0.00625 0.0140625
0 0.66171875 0.765625 0.0078125 0.0140625
0 0.66796875 0.78828125 0.0078125 0.0140625
0 0.6703125 0.80859375 0.0078125 0.0140625
0 0.634375 0.8359375 0.0078125 0.0140625
0 0.61953125 0.8921875 0.0078125 0.0125
0 0.6125 0.93828125 0.00625 0.0125
0 0.596875 0.97890625 0.009375 0.0140625
0 0.7546875 0.9140625 0.0078125 0.0171875
0 0.7375 0.92109375 0.0078125 0.0125
0 0.74609375 0.93203125 0.00625 0.0140625
0 0.63671875 0.9984375 0.0078125 0.003125
0 0.5671875 0.78671875 0.0109375 0.0203125
0 0.62265625 0.8015625 0.0171875 0.0609375
0 0.65390625 0.68125 0.0078125 0.0171875
0 0.6578125 0.7109375 0.009375 0.0140625
0 0.634375 0.709375 0.0109375 0.01875
0 0.57578125 0.6953125 0.0078125 0.0171875
0 0.559375 0.703125 0.009375 0.0140625
0 0.5671875 0.71640625 0.0078125 0.0125
0 0.56328125 0.73984375 0.009375 0.0171875
0 0.56875 0.7640625 0.0078125 0.015625
0 0.528125 0.796875 0.0078125 0.0125
0 0.55234375 0.7796875 0.0078125 0.0140625
0 0.4875 0.71015625 0.0078125 0.0125
0 0.4859375 0.75703125 0.00625 0.009375
0 0.478125 0.7640625 0.009375 0.0140625
0 0.4546875 0.78359375 0.00625 0.0125
0 0.86640625 0.2375 0.009375 0.0203125
0 0.8921875 0.8234375 0.009375 0.0125
0 0.85234375 0.44609375 0.0078125 0.01875
0 0.78515625 0.5125 0.00625 0.015625
0 0.78359375 0.47421875 0.0078125 0.0140625
0 0.66171875 0.4359375 0.0109375 0.0140625