0 0.31015625 0.0328125 0.009375 0.0125
0 0.28125 0.19765625 0.00625 0.009375
0 0.3890625 0.33671875 0.009375 0.0109375
0 0.58203125 0.30625 0.00625 0.0078125
0 0.65390625 0.309375 0.00625 0.00625
0 0.65 0.221875 0.0046875 0.00625
0 0.71953125 0.58671875 0.009375 0.0125
0 0.6390625 0.653125 0.00625 0.009375
0 0.52578125 0.59453125 0.009375 0.015625
0 0.384375 0.65078125 0.0078125 0.0109375
0 0.39921875 0.6296875 0.0078125 0.009375
0 0.396875 0.66875 0.0078125 0.0109375
0 0.4515625 0.8453125 0.00625 0.0109375
0 0.16171875 0.54296875 0.0078125 0.0109375
0 0.45625 0.96015625 0.00625 0.0078125
0 0.66015625 0.80546875 0.00625 0.0078125
0 0.8953125 0.109375 0.0078125 0.0109375
0 0.671875 0.1296875 0.00625 0.00625
0 0.56484375 0.07421875 0.00625 0.0078125
0 0.1078125 0.36875 0.0140625 0.01875
0 0.246875 0.0953125 0.0078125 0.0109375