0 0.61015625 0.66953125 0.025 0.015625
0 0.8375 0.65 0.0203125 0.0125
0 0.88125 0.6265625 0.0140625 0.009375
0 0.753125 0.69453125 0.021875 0.015625
0 0.84140625 0.69921875 0.0203125 0.015625
0 0.54765625 0.7265625 0.015625 0.009375
0 0.4421875 0.8234375 0.0140625 0.0109375
0 0.42109375 0.846875 0.0125 0.009375
0 0.37265625 0.884375 0.0109375 0.0078125
0 0.3015625 0.87265625 0.009375 0.0078125
0 0.37578125 0.92578125 0.0140625 0.0109375
0 0.35859375 0.56484375 0.0140625 0.009375
0 0.35390625 0.49453125 0.0109375 0.0078125
0 0.38359375 0.6734375 0.0125 0.009375
0 0.36796875 0.90703125 0.0078125 0.0078125
0 0.31953125 0.72421875 0.0078125 0.00625
0 0.3359375 0.68359375 0.0140625 0.0078125
0 0.39921875 0.72421875 0.015625 0.009375