0 0.240625 0.071875 0.00703125 0.0109375
0 0.33359375 0.02109375 0.00625 0.00703125
0 0.23828125 0.23828125 0.00546875 0.0078125
0 0.36484375 0.3578125 0.0078125 0.01015625
0 0.55 0.29765625 0.0046875 0.00703125
0 0.62109375 0.28984375 0.0046875 0.00625
0 0.60390625 0.20390625 0.00390625 0.00546875
0 0.72890625 0.55078125 0.0078125 0.01171875
0 0.6609375 0.628125 0.0046875 0.009375
0 0.53984375 0.58828125 0.00703125 0.0140625
0 0.409375 0.665625 0.00703125 0.01015625
0 0.421875 0.64296875 0.00625 0.00859375
0 0.42421875 0.68125 0.00703125 0.01015625
0 0.50625 0.84609375 0.00546875 0.009375
0 0.17421875 0.59453125 0.00546875 0.0109375
0 0.52890625 0.95703125 0.0046875 0.00703125
0 0.7046875 0.77421875 0.0046875 0.0078125
0 0.828125 0.05625 0.00703125 0.009375
0 0.6109375 0.1109375 0.00546875 0.00625
0 0.49765625 0.0734375 0.0046875 0.00703125
0 0.09375 0.4328125 0.0109375 0.01796875
0 0.18828125 0.1421875 0.00546875 0.01015625