0 0.67421875 0.19375 0.01875 0.0203125
0 0.65078125 0.2140625 0.0125 0.0125
0 0.62890625 0.203125 0.0140625 0.0125
0 0.63984375 0.13125 0.015625 0.0171875
0 0.6734375 0.128125 0.0109375 0.0140625
0 0.7046875 0.15390625 0.0171875 0.0140625
0 0.56328125 0.15546875 0.0125 0.0125
0 0.55234375 0.1828125 0.021875 0.021875
0 0.38828125 0.25390625 0.0140625 0.01875
0 0.26796875 0.30859375 0.009375 0.0140625
0 0.2578125 0.3921875 0.0171875 0.0171875
0 0.9359375 0.42265625 0.0171875 0.0171875
0 0.93828125 0.46328125 0.0140625 0.015625
0 0.67421875 0.4140625 0.0171875 0.0140625
0 0.70703125 0.425 0.0234375 0.015625
0 0.46015625 0.428125 0.0125 0.0171875
0 0.4421875 0.3734375 0.015625 0.0171875
0 0.3875 0.37421875 0.015625 0.0125
0 0.6484375 0.4046875 0.0125 0.015625
0 0.61640625 0.428125 0.0109375 0.009375
0 0.5171875 0.5828125 0.015625 0.0125
0 0.55625 0.6484375 0.015625 0.0125
0 0.584375 0.70546875 0.015625 0.015625
0 0.76484375 0.7390625 0.021875 0.015625
0 0.7296875 0.71015625 0.0125 0.0140625
0 0.7125 0.7703125 0.0109375 0.0140625
0 0.65234375 0.7734375 0.01875 0.0109375
0 0.63828125 0.753125 0.015625 0.0171875
0 0.84140625 0.76796875 0.01875 0.01875
0 0.87734375 0.778125 0.0140625 0.0140625
0 0.903125 0.72578125 0.0171875 0.015625
0 0.8234375 0.72734375 0.0125 0.0125
0 0.8234375 0.64296875 0.009375 0.0078125
0 0.94140625 0.6515625 0.0109375 0.0125
0 0.94609375 0.6859375 0.009375 0.009375
0 0.96875 0.71875 0.0234375 0.0171875
0 0.996875 0.75703125 0.00625 0.0109375
0 0.85390625 0.7921875 0.009375 0.0140625
0 0.884375 0.79921875 0.0109375 0.009375
0 0.8609375 0.81015625 0.009375 0.0109375
0 0.55546875 0.01484375 0.0140625 0.0109375
0 0.62265625 0.0046875 0.0140625 0.009375
0 0.38515625 0.0265625 0.0140625 0.015625
0 0.3359375 0.1046875 0.0109375 0.015625
0 0.52421875 0.10078125 0.0171875 0.0203125
0 0.15859375 0.25 0.015625 0.0125
0 0.153125 0.35234375 0.0125 0.015625
0 0.03984375 0.3953125 0.0171875 0.0203125
0 0.6046875 0.33046875 0.0109375 0.0125
0 0.58671875 0.32734375 0.015625 0.0125
0 0.646875 0.315625 0.0125 0.0109375
0 0.6828125 0.38671875 0.0109375 0.0109375
0 0.6609375 0.39453125 0.0125 0.0125
0 0.58515625 0.3796875 0.0140625 0.015625
0 0.56484375 0.3625 0.0125 0.0125
0 0.2515625 0.01953125 0.009375 0.00625