0 0.8015625 0.0140625 0.021875 0.028125
0 0.7921875 0.0609375 0.025 0.03125
0 0.8921875 0.08671875 0.015625 0.03125
0 0.94609375 0.08046875 0.01875 0.0265625
0 0.9140625 0.24140625 0.0171875 0.028125
0 0.88671875 0.2125 0.0125 0.0265625
0 0.8609375 0.22109375 0.0125 0.025
0 0.79921875 0.19375 0.0109375 0.0203125
0 0.73828125 0.19453125 0.0171875 0.0234375
0 0.7921875 0.265625 0.0125 0.0171875
0 0.86796875 0.31171875 0.015625 0.0296875
0 0.8234375 0.40546875 0.0140625 0.0265625
0 0.7078125 0.3609375 0.015625 0.021875
0 0.6015625 0.33828125 0.0234375 0.0359375
0 0.55390625 0.33125 0.015625 0.03125
0 0.5921875 0.2390625 0.0109375 0.0203125
0 0.54921875 0.22421875 0.0171875 0.0203125
0 0.5671875 0.19296875 0.01875 0.021875
0 0.54921875 0.1359375 0.0203125 0.03125
0 0.5578125 0.08203125 0.015625 0.025
0 0.54609375 0.02421875 0.0234375 0.0328125
0 0.44765625 0.01328125 0.0203125 0.0234375
0 0.34609375 0.12109375 0.01875 0.021875
0 0.32109375 0.10703125 0.0140625 0.028125
0 0.259375 0.0703125 0.0125 0.01875
0 0.36171875 0.23203125 0.0140625 0.0203125
0 0.15 0.3734375 0.0203125 0.03125
0 0.2296875 0.38515625 0.0125 0.0234375
0 0.32578125 0.36953125 0.0171875 0.0234375
0 0.3 0.45 0.01875 0.0328125
0 0.1828125 0.4796875 0.0265625 0.034375
0 0.35390625 0.490625 0.015625 0.0265625
0 0.35625 0.43984375 0.0109375 0.021875
0 0.30078125 0.684375 0.021875 0.0328125
0 0.2046875 0.753125 0.0171875 0.0328125
0 0.3375 0.86328125 0.0203125 0.03125
0 0.5015625 0.76015625 0.0203125 0.0296875
0 0.42109375 0.60078125 0.01875 0.025
0 0.525 0.62578125 0.0265625 0.0421875
0 0.509375 0.57578125 0.0171875 0.021875
0 0.49296875 0.4484375 0.01875 0.03125
0 0.5421875 0.4421875 0.01875 0.03125
0 0.61796875 0.8328125 0.0140625 0.025
0 0.61640625 0.9296875 0.015625 0.0234375
0 0.62421875 0.7703125 0.021875 0.028125
0 0.5578125 0.6203125 0.015625 0.025
0 0.6203125 0.62265625 0.01875 0.025
0 0.709375 0.63671875 0.0203125 0.0328125
0 0.66640625 0.62578125 0.021875 0.03125
0 0.96015625 0.30234375 0.0140625 0.025
0 0.9453125 0.434375 0.0140625 0.021875
0 0.9203125 0.471875 0.0140625 0.025
0 0.90078125 0.49609375 0.0171875 0.0265625
0 0.97421875 0.48359375 0.015625 0.021875
0 0.99921875 0.53671875 0.0015625 0.0296875
0 0.978125 0.58203125 0.0140625 0.025
0 0.99609375 0.93671875 0.0078125 0.0296875
0 0.81796875 0.88359375 0.015625 0.021875
0 0.915625 0.82421875 0.0125 0.0171875
0 0.8515625 0.52578125 0.0171875 0.0296875
0 0.5703125 0.89921875 0.021875 0.0296875