0 0.51875 0.50078125 0.0109375 0.015625
0 0.49921875 0.546875 0.0140625 0.015625
0 0.44375 0.4953125 0.0125 0.0125
0 0.4015625 0.47890625 0.0140625 0.015625
0 0.41484375 0.53359375 0.0078125 0.0109375
0 0.4 0.5359375 0.0109375 0.0109375
0 0.41015625 0.55625 0.0140625 0.015625
0 0.4328125 0.59609375 0.0109375 0.0125
0 0.421875 0.62578125 0.0125 0.015625
0 0.4484375 0.63515625 0.0109375 0.0125
0 0.44921875 0.6546875 0.0109375 0.009375
0 0.59453125 0.634375 0.009375 0.0125
0 0.52109375 0.665625 0.0140625 0.0171875
0 0.70859375 0.6171875 0.0078125 0.0109375
0 0.5765625 0.63515625 0.0109375 0.0140625
0 0.3390625 0.61875 0.009375 0.0125
0 0.34140625 0.5921875 0.0078125 0.009375
0 0.309375 0.52421875 0.0125 0.0140625
0 0.33203125 0.57421875 0.009375 0.009375
0 0.30703125 0.56875 0.0125 0.015625
0 0.2578125 0.58515625 0.009375 0.0125
0 0.23984375 0.5578125 0.009375 0.0125
0 0.33125 0.71796875 0.0109375 0.0109375
0 0.3234375 0.7296875 0.0125 0.0125
0 0.30234375 0.7453125 0.0078125 0.0109375
0 0.29296875 0.703125 0.0109375 0.0125
0 0.2359375 0.68671875 0.0078125 0.0140625
0 0.2421875 0.70546875 0.0109375 0.0125
0 0.21015625 0.72265625 0.0109375 0.0140625
0 0.23828125 0.740625 0.0078125 0.0109375
0 0.2578125 0.77109375 0.009375 0.0125
0 0.27734375 0.78359375 0.009375 0.0109375
0 0.35 0.81875 0.009375 0.0109375
0 0.1421875 0.7359375 0.0109375 0.0125
0 0.06953125 0.2140625 0.0140625 0.015625
0 0.140625 0.3046875 0.0140625 0.0171875
0 0.15625 0.27265625 0.0125 0.015625
0 0.20625 0.29375 0.009375 0.0140625
0 0.1640625 0.29296875 0.0109375 0.0140625
0 0.13984375 0.4109375 0.0125 0.0171875
0 0.21640625 0.33203125 0.0109375 0.0140625
0 0.434375 0.1859375 0.015625 0.0140625
0 0.36953125 0.15 0.009375 0.0140625
0 0.4859375 0.1375 0.0140625 0.01875
0 0.46171875 0.19921875 0.0109375 0.0140625
0 0.60546875 0.17734375 0.0125 0.0171875
0 0.2734375 0.01640625 0.0125 0.0109375
0 0.33671875 0.01171875 0.01875 0.009375
0 0.64609375 0.11328125 0.009375 0.0109375
0 0.5140625 0.865625 0.0125 0.015625
0 0.6546875 0.76953125 0.009375 0.0125