0 0.3125 0.21015625 0.01796875 0.01875
0 0.33671875 0.22734375 0.01171875 0.01171875
0 0.3578125 0.215625 0.01328125 0.01171875
0 0.3421875 0.14609375 0.01484375 0.015625
0 0.30859375 0.1453125 0.01015625 0.0140625
0 0.2796875 0.171875 0.01640625 0.01328125
0 0.41875 0.1640625 0.0109375 0.01171875
0 0.43125 0.190625 0.02109375 0.0203125
0 0.5984375 0.24921875 0.01328125 0.01640625
0 0.71875 0.29453125 0.00859375 0.0140625
0 0.7359375 0.3765625 0.015625 0.01640625
0 0.07109375 0.45234375 0.01640625 0.01640625
0 0.071875 0.49296875 0.0125 0.0140625
0 0.328125 0.42578125 0.01640625 0.01328125
0 0.29609375 0.43984375 0.02109375 0.01484375
0 0.53828125 0.425 0.01015625 0.015625
0 0.553125 0.3703125 0.0140625 0.015625
0 0.60625 0.36640625 0.01484375 0.0109375
0 0.35234375 0.415625 0.0109375 0.0140625
0 0.38515625 0.4359375 0.0109375 0.009375
0 0.49296875 0.58046875 0.015625 0.01171875
0 0.459375 0.6484375 0.01484375 0.01171875
0 0.4359375 0.70625 0.01328125 0.0140625
0 0.2609375 0.7515625 0.0203125 0.01484375
0 0.29296875 0.72109375 0.0109375 0.01328125
0 0.31484375 0.778125 0.01015625 0.0140625
0 0.3734375 0.77734375 0.01796875 0.00859375
0 0.3859375 0.75703125 0.0140625 0.015625
0 0.1875 0.78515625 0.01796875 0.01796875
0 0.153125 0.79765625 0.01328125 0.0125
0 0.12421875 0.74765625 0.015625 0.0140625
0 0.20234375 0.74375 0.01171875 0.0109375
0 0.00859375 0.809375 0.0171875 0.0171875
0 0.196875 0.6609375 0.009375 0.00703125
0 0.08125 0.678125 0.009375 0.01171875
0 0.0796875 0.71171875 0.00859375 0.009375
0 0.00625 0.740625 0.00859375 0.0109375
0 0.059375 0.7453125 0.021875 0.01640625
0 0.034375 0.7859375 0.00625 0.01015625
0 0.025 0.83125 0.0109375 0.0109375
0 0.01171875 0.85 0.00546875 0.0109375
0 0.17734375 0.81015625 0.00859375 0.0140625
0 0.14765625 0.81875 0.01015625 0.009375
0 0.171875 0.82734375 0.009375 0.01015625
0 0.41640625 0.02578125 0.01328125 0.009375
0 0.35 0.01796875 0.01171875 0.0125
0 0.584375 0.02578125 0.0125 0.0140625
0 0.6390625 0.09921875 0.009375 0.01484375
0 0.453125 0.1078125 0.015625 0.01875
0 0.8234375 0.22890625 0.01328125 0.01171875
0 0.83515625 0.3296875 0.01171875 0.01328125
0 0.94921875 0.3640625 0.015625 0.01953125
0 0.38984375 0.3390625 0.009375 0.0125
0 0.4078125 0.334375 0.01484375 0.0109375
0 0.34765625 0.32734375 0.0125 0.01015625
0 0.3171875 0.4 0.01015625 0.009375
0 0.33984375 0.40625 0.01171875 0.0109375
0 0.41328125 0.3859375 0.0125 0.0140625
0 0.43203125 0.36796875 0.01015625 0.01171875
0 0.715625 0.00625 0.009375 0.0125