0 0.4015625 0.0375 0.0125 0.01328125
0 0.59453125 0.02890625 0.0109375 0.009375
0 0.584375 0.034375 0.009375 0.0109375
0 0.559375 0.0265625 0.015625 0.01484375
0 0.32109375 0.10625 0.01015625 0.01484375
0 0.26953125 0.15 0.0109375 0.01484375
0 0.30859375 0.178125 0.00859375 0.015625
0 0.45234375 0.17265625 0.01015625 0.0140625
0 0.3875 0.20078125 0.0078125 0.0109375
0 0.3515625 0.21328125 0.009375 0.0109375
0 0.32109375 0.21796875 0.009375 0.01484375
0 0.3546875 0.23046875 0.00859375 0.0125
0 0.415625 0.23359375 0.00703125 0.00859375
0 0.528125 0.25390625 0.0078125 0.01484375
0 0.3875 0.28359375 0.009375 0.0171875
0 0.3375 0.2859375 0.0078125 0.01171875
0 0.3484375 0.2765625 0.00625 0.01015625
0 0.365625 0.271875 0.00703125 0.00859375
0 0.3703125 0.25546875 0.0078125 0.00859375
0 0.39296875 0.253125 0.0078125 0.0078125
0 0.29921875 0.290625 0.01484375 0.02109375
0 0.3203125 0.29453125 0.00625 0.0078125
0 0.34296875 0.3359375 0.00703125 0.01015625
0 0.41640625 0.29296875 0.0078125 0.0078125
0 0.390625 0.309375 0.00625 0.01015625
0 0.44296875 0.31171875 0.0078125 0.0125
0 0.4109375 0.32421875 0.009375 0.01015625
0 0.42109375 0.26484375 0.00703125 0.00859375
0 0.478125 0.19609375 0.0078125 0.00859375
0 0.44296875 0.22890625 0.00625 0.0078125
0 0.50390625 0.203125 0.00625 0.00625
0 0.69375 0.240625 0.00625 0.0109375
0 0.25546875 0.346875 0.0078125 0.01171875
0 0.23359375 0.36640625 0.00859375 0.0109375
0 0.31171875 0.3765625 0.0078125 0.01171875
0 0.2546875 0.39296875 0.00703125 0.0109375
0 0.2953125 0.4046875 0.00859375 0.01171875
0 0.3015625 0.43125 0.0046875 0.0109375
0 0.2390625 0.40625 0.00703125 0.01328125
0 0.25234375 0.4375 0.0078125 0.01171875
0 0.27890625 0.44296875 0.0078125 0.0125
0 0.175 0.440625 0.00703125 0.01015625
0 0.21640625 0.5046875 0.00859375 0.0125
0 0.2515625 0.54375 0.0078125 0.01015625
0 0.19765625 0.5578125 0.00703125 0.01171875
0 0.146875 0.5765625 0.0078125 0.0109375
0 0.2109375 0.6390625 0.00859375 0.01171875
0 0.2234375 0.73203125 0.00859375 0.015625
0 0.2671875 0.7125 0.00703125 0.01171875
0 0.1953125 0.80703125 0.01328125 0.0171875
0 0.2109375 0.83671875 0.009375 0.0125
0 0.2 0.89296875 0.00859375 0.01015625
0 0.22578125 0.9375 0.00859375 0.01015625
0 0.34453125 0.9375 0.00859375 0.01328125
0 0.4734375 0.87890625 0.01328125 0.02265625
0 0.46796875 0.98203125 0.0109375 0.01640625
0 0.50078125 0.84140625 0.00625 0.01171875
0 0.5875 0.8671875 0.0109375 0.01328125
0 0.52265625 0.78125 0.00625 0.009375
0 0.57109375 0.8328125 0.00625 0.00859375
0 0.50703125 0.69296875 0.009375 0.0140625
0 0.534375 0.709375 0.009375 0.015625
0 0.61171875 0.72109375 0.00859375 0.01484375
0 0.56875 0.7125 0.00625 0.00859375
0 0.56171875 0.73984375 0.0046875 0.00859375
0 0.5828125 0.74375 0.00703125 0.01015625
0 0.43046875 0.65859375 0.00859375 0.01015625
0 0.49453125 0.55703125 0.0109375 0.01171875
0 0.50078125 0.53203125 0.01171875 0.01953125
0 0.32265625 0.45625 0.00703125 0.0125
0 0.37109375 0.4921875 0.00625 0.01015625
0 0.4109375 0.4765625 0.0046875 0.009375
0 0.421875 0.4765625 0.00390625 0.00703125
0 0.45 0.4515625 0.00625 0.01171875
0 0.446875 0.41484375 0.00625 0.009375
0 0.4859375 0.453125 0.0078125 0.01171875
0 0.36171875 0.36328125 0.00625 0.0078125
0 0.42890625 0.30390625 0.00625 0.0078125
0 0.35625 0.29453125 0.009375 0.0078125
0 0.38203125 0.26015625 0.00703125 0.00703125
0 0.375 0.046875 0.00625 0.00859375
0 0.3796875 0.0671875 0.00703125 0.00625
0 0.43125 0.03984375 0.00859375 0.00703125
0 0.45625 0.03046875 0.00546875 0.00703125
0 0.4484375 0.01796875 0.00546875 0.00703125
0 0.4125 0.078125 0.00703125 0.00859375
0 0.4578125 0.27109375 0.009375 0.01015625
0 0.5015625 0.284375 0.009375 0.0109375
0 0.453125 0.3140625 0.00625 0.0078125
0 0.45390625 0.33359375 0.00703125 0.01015625
0 0.50859375 0.3125 0.00859375 0.0125
0 0.4828125 0.31796875 0.00625 0.01171875
0 0.540625 0.34921875 0.00546875 0.0078125
0 0.50859375 0.38671875 0.00703125 0.0078125
0 0.509375 0.43046875 0.00546875 0.0078125
0 0.4875 0.42578125 0.00703125 0.009375
0 0.4109375 0.56640625 0.00703125 0.0078125
0 0.31171875 0.57890625 0.00625 0.0078125
0 0.55 0.634375 0.00625 0.01015625
0 0.5015625 0.6640625 0.00625 0.00859375
0 0.62265625 0.65078125 0.009375 0.01328125
0 0.64453125 0.67109375 0.00859375 0.01171875
0 0.67890625 0.63828125 0.01015625 0.01328125
0 0.63515625 0.61171875 0.00703125 0.00703125
0 0.5828125 0.59140625 0.00703125 0.00703125
0 0.74375 0.640625 0.009375 0.01875
0 0.72421875 0.60234375 0.00703125 0.01171875
0 0.725 0.68515625 0.00625 0.009375
0 0.70703125 0.68671875 0.00625 0.00859375
0 0.740625 0.67109375 0.00703125 0.0078125
0 0.7578125 0.66796875 0.0078125 0.009375
0 0.69375 0.6015625 0.00859375 0.00859375
0 0.73671875 0.584375 0.00625 0.0109375
0 0.7984375 0.60859375 0.0046875 0.00703125
0 0.79453125 0.69921875 0.0125 0.025
0 0.62578125 0.73828125 0.0109375 0.0140625
0 0.60078125 0.7453125 0.0046875 0.009375
0 0.61328125 0.753125 0.00703125 0.009375
0 0.66484375 0.778125 0.0109375 0.01796875
0 0.7265625 0.79296875 0.009375 0.015625
0 0.6484375 0.82109375 0.00546875 0.00859375
0 0.78203125 0.83125 0.0078125 0.0125
0 0.6015625 0.93515625 0.009375 0.0140625
0 0.6421875 0.984375 0.0078125 0.0125
0 0.70390625 0.96953125 0.00625 0.0109375
0 0.60625 0.98984375 0.00703125 0.009375
0 0.67578125 0.92890625 0.00546875 0.00859375
0 0.6953125 0.92109375 0.009375 0.0125
0 0.6859375 0.90078125 0.00546875 0.0078125
0 0.69921875 0.884375 0.00703125 0.0109375
0 0.8265625 0.9578125 0.00859375 0.01796875
0 0.790625 0.99453125 0.009375 0.0109375
0 0.7625 0.93828125 0.0078125 0.01328125
0 0.87734375 0.65625 0.009375 0.01953125
0 0.934375 0.74296875 0.009375 0.0171875
0 0.9046875 0.790625 0.0078125 0.01796875
0 0.81875 0.30390625 0.009375 0.0171875
0 0.79765625 0.30390625 0.009375 0.0140625
0 0.90625 0.34765625 0.01015625 0.01484375
0 0.57890625 0.803125 0.00703125 0.0125
0 0.72578125 0.759375 0.0109375 0.0140625
0 0.4828125 0.765625 0.00859375 0.01171875
0 0.50078125 0.76796875 0.0109375 0.015625
0 0.67734375 0.8109375 0.00859375 0.01484375