0 0.59375 0.71953125 0.0265625 0.0171875
0 0.8296875 0.7 0.021875 0.0140625
0 0.875 0.67421875 0.0140625 0.009375
0 0.7421875 0.7453125 0.021875 0.015625
0 0.83359375 0.75078125 0.0203125 0.015625
0 0.5296875 0.77890625 0.015625 0.0109375
0 0.42109375 0.87890625 0.0140625 0.0109375
0 0.39921875 0.903125 0.0125 0.009375
0 0.35 0.940625 0.0109375 0.009375
0 0.27578125 0.92890625 0.009375 0.0078125
0 0.35234375 0.98359375 0.015625 0.0109375
0 0.33515625 0.61171875 0.0140625 0.009375
0 0.3296875 0.53984375 0.0125 0.0078125
0 0.3609375 0.72421875 0.0125 0.009375
0 0.34453125 0.96484375 0.0078125 0.0078125
0 0.29453125 0.7765625 0.0078125 0.00625
0 0.31015625 0.734375 0.0140625 0.0078125
0 0.3765625 0.77578125 0.015625 0.009375