0 0.559375 0.21875 0.00859375 0.01171875
0 0.32265625 0.3046875 0.009375 0.0109375
0 0.3921875 0.3328125 0.01015625 0.01171875
0 0.38046875 0.3453125 0.009375 0.01015625
0 0.38984375 0.3671875 0.0078125 0.0078125
0 0.5140625 0.33984375 0.01015625 0.0109375
0 0.5296875 0.315625 0.00859375 0.01328125
0 0.571875 0.3015625 0.00859375 0.0109375
0 0.5171875 0.4125 0.0078125 0.00859375
0 0.47578125 0.40625 0.0078125 0.00859375
0 0.47421875 0.4421875 0.00625 0.00859375
0 0.48046875 0.48125 0.0078125 0.01015625
0 0.5515625 0.453125 0.0078125 0.009375
0 0.5828125 0.41171875 0.0078125 0.009375
0 0.6140625 0.33359375 0.00546875 0.01171875
0 0.63125 0.30390625 0.01015625 0.0125
0 0.625 0.35078125 0.0078125 0.0109375
0 0.68046875 0.33671875 0.0078125 0.0109375
0 0.4859375 0.50703125 0.00703125 0.0109375
0 0.44375 0.51875 0.00546875 0.01015625
0 0.3359375 0.54609375 0.00625 0.00859375
0 0.37421875 0.5671875 0.00703125 0.00859375
0 0.4234375 0.590625 0.00703125 0.00859375
0 0.459375 0.57421875 0.009375 0.0140625
0 0.45625 0.59375 0.00546875 0.01015625
0 0.471875 0.57265625 0.0046875 0.00859375
0 0.49296875 0.56953125 0.00703125 0.0078125
0 0.51015625 0.56640625 0.00703125 0.01015625
0 0.52421875 0.55859375 0.0046875 0.01171875
0 0.38984375 0.6265625 0.00703125 0.009375
0 0.440625 0.621875 0.00625 0.009375
0 0.40625 0.640625 0.00546875 0.0078125
0 0.38984375 0.66328125 0.00625 0.00859375
0 0.36875 0.69765625 0.00625 0.00625
0 0.34375 0.71171875 0.00703125 0.00859375
0 0.403125 0.6953125 0.00703125 0.00859375
0 0.45859375 0.65 0.00546875 0.009375
0 0.47578125 0.65 0.00546875 0.00859375
0 0.42421875 0.75 0.0046875 0.0078125
0 0.48515625 0.69765625 0.00859375 0.009375
0 0.5 0.68984375 0.00859375 0.01171875
0 0.48828125 0.74140625 0.00625 0.00859375
0 0.503125 0.734375 0.0046875 0.0078125
0 0.496875 0.7546875 0.00546875 0.0078125
0 0.42421875 0.796875 0.00625 0.01015625
0 0.415625 0.8046875 0.00703125 0.01015625
0 0.396875 0.8265625 0.00703125 0.009375
0 0.49375 0.77890625 0.00703125 0.0125
0 0.49921875 0.8015625 0.00546875 0.0078125
0 0.48359375 0.8203125 0.00625 0.01015625
0 0.4640625 0.83828125 0.00703125 0.00859375
0 0.4984375 0.82578125 0.00859375 0.0140625
0 0.5375 0.67734375 0.0046875 0.01015625
0 0.5765625 0.653125 0.00703125 0.01015625
0 0.5859375 0.4984375 0.00703125 0.01015625
0 0.58984375 0.47265625 0.00703125 0.01015625
0 0.61796875 0.425 0.00390625 0.00859375
0 0.52421875 0.140625 0.00859375 0.0125
0 0.259375 0.0890625 0.01015625 0.0109375
0 0.20390625 0.18359375 0.01015625 0.0125
0 0.65390625 0.1578125 0.0078125 0.0109375
0 0.6359375 0.225 0.01640625 0.0171875
0 0.69375 0.3609375 0.00703125 0.0125
0 0.72109375 0.3546875 0.00703125 0.0109375
0 0.7046875 0.43828125 0.00703125 0.009375
0 0.634375 0.4984375 0.0078125 0.01015625
0 0.59921875 0.53984375 0.0078125 0.009375
0 0.5984375 0.6125 0.00546875 0.00859375
0 0.6078125 0.62578125 0.00625 0.00859375
0 0.6265625 0.61875 0.00625 0.00859375
0 0.63515625 0.59453125 0.0078125 0.0109375
0 0.640625 0.571875 0.00625 0.009375
0 0.64765625 0.59609375 0.0078125 0.009375
0 0.65546875 0.6234375 0.0078125 0.0125
0 0.596875 0.69375 0.00703125 0.01015625
0 0.65078125 0.6875 0.00703125 0.0078125
0 0.63671875 0.68203125 0.00703125 0.01015625
0 0.62109375 0.6828125 0.00625 0.0078125
0 0.6421875 0.70390625 0.00703125 0.009375
0 0.615625 0.7234375 0.00859375 0.009375
0 0.571875 0.71484375 0.00703125 0.00703125
0 0.55703125 0.72265625 0.00859375 0.0078125
0 0.5984375 0.73125 0.00859375 0.0109375
0 0.6078125 0.734375 0.00546875 0.00859375
0 0.6890625 0.70078125 0.00859375 0.01171875
0 0.6484375 0.7328125 0.009375 0.009375
0 0.6421875 0.72265625 0.02109375 0.0078125
0 0.6421875 0.75234375 0.01015625 0.01875
0 0.678125 0.72890625 0.00546875 0.01015625
0 0.615625 0.790625 0.00859375 0.0109375
0 0.63359375 0.79296875 0.00703125 0.009375
0 0.58125 0.8 0.00703125 0.0078125
0 0.5859375 0.81953125 0.00859375 0.0125
0 0.5890625 0.84140625 0.00546875 0.01171875
0 0.6015625 0.82421875 0.01328125 0.0109375
0 0.54375 0.8578125 0.0078125 0.0078125
0 0.55625 0.87109375 0.0078125 0.009375
0 0.54453125 0.9265625 0.0078125 0.0109375
0 0.5515625 0.8265625 0.00625 0.0078125
0 0.57734375 0.91640625 0.00703125 0.009375
0 0.58828125 0.90625 0.01171875 0.01328125
0 0.66484375 0.9484375 0.00546875 0.0078125
0 0.6515625 0.9578125 0.00859375 0.01171875
0 0.659375 0.9671875 0.00859375 0.0125
0 0.565625 0.9828125 0.01640625 0.009375
0 0.5265625 0.953125 0.00625 0.0078125
0 0.55 0.9546875 0.0078125 0.00625
0 0.78359375 0.86640625 0.0078125 0.0109375
0 0.69140625 0.5453125 0.00703125 0.009375
0 0.75625 0.47734375 0.00703125 0.00859375
0 0.7734375 0.26015625 0.009375 0.009375
0 0.7765625 0.31875 0.00703125 0.0078125
0 0.74140625 0.63125 0.0078125 0.01015625
0 0.3484375 0.6640625 0.0109375 0.01171875