0 0.46640625 0.21484375 0.0109375 0.0140625
0 0.696875 0.33671875 0.0109375 0.0125
0 0.62109375 0.35546875 0.0125 0.0140625
0 0.63125 0.36953125 0.0109375 0.0125
0 0.61796875 0.390625 0.009375 0.009375
0 0.49609375 0.34375 0.0109375 0.0125
0 0.4828125 0.3171875 0.0109375 0.0140625
0 0.4421875 0.296875 0.009375 0.0125
0 0.48203125 0.41875 0.009375 0.0109375
0 0.525 0.4171875 0.009375 0.0109375
0 0.521875 0.45390625 0.0078125 0.009375
0 0.509375 0.49296875 0.009375 0.0125
0 0.44140625 0.45390625 0.009375 0.0109375
0 0.415625 0.4078125 0.009375 0.0109375
0 0.39453125 0.3234375 0.0078125 0.0125
0 0.38125 0.290625 0.0125 0.0140625
0 0.38125 0.33984375 0.009375 0.0125
0 0.3265625 0.3171875 0.009375 0.0125
0 0.50078125 0.51875 0.009375 0.0125
0 0.5421875 0.5375 0.00625 0.0109375
0 0.6484375 0.5796875 0.0078125 0.009375
0 0.60546875 0.59609375 0.0078125 0.009375
0 0.55234375 0.61328125 0.0078125 0.0109375
0 0.51796875 0.590625 0.0109375 0.015625
0 0.51875 0.6109375 0.0078125 0.0109375
0 0.50546875 0.5875 0.00625 0.009375
0 0.484375 0.58125 0.0078125 0.009375
0 0.4671875 0.57578125 0.0078125 0.0109375
0 0.4546875 0.56640625 0.0078125 0.0125
0 0.58125 0.65390625 0.0078125 0.0109375
0 0.5296875 0.6421875 0.0078125 0.0109375
0 0.56328125 0.66640625 0.00625 0.0078125
0 0.5765625 0.69140625 0.0078125 0.009375
0 0.5921875 0.7296875 0.0078125 0.0078125
0 0.615625 0.7484375 0.0078125 0.009375
0 0.5578125 0.72265625 0.0078125 0.009375
0 0.5078125 0.66875 0.00625 0.0109375
0 0.490625 0.665625 0.0078125 0.009375
0 0.52890625 0.775 0.00625 0.0078125
0 0.47421875 0.7125 0.009375 0.0109375
0 0.459375 0.70234375 0.0109375 0.0140625
0 0.46484375 0.7578125 0.0078125 0.009375
0 0.45 0.74765625 0.00625 0.0078125
0 0.45390625 0.76953125 0.00625 0.0078125
0 0.52265625 0.82265625 0.0078125 0.0109375
0 0.5296875 0.83203125 0.0078125 0.0109375
0 0.54609375 0.85703125 0.0078125 0.0109375
0 0.45390625 0.79375 0.009375 0.0140625
0 0.4453125 0.81640625 0.00625 0.0078125
0 0.4578125 0.83828125 0.0078125 0.0109375
0 0.47578125 0.85859375 0.0078125 0.0109375
0 0.4421875 0.8421875 0.0109375 0.015625
0 0.4234375 0.68515625 0.00625 0.0109375
0 0.3875 0.6546875 0.009375 0.0109375
0 0.4 0.4953125 0.0078125 0.0125
0 0.39921875 0.46875 0.0078125 0.0125
0 0.37734375 0.41640625 0.0046875 0.009375
0 0.5140625 0.13984375 0.0109375 0.0140625
0 0.79140625 0.125 0.0109375 0.0125
0 0.83359375 0.22890625 0.0125 0.0140625
0 0.3796875 0.1390625 0.009375 0.0125
0 0.3875 0.21015625 0.01875 0.0203125
0 0.309375 0.33984375 0.009375 0.0140625
0 0.28359375 0.3296875 0.009375 0.0125
0 0.2875 0.41796875 0.0078125 0.0109375
0 0.35078125 0.4890625 0.009375 0.0109375
0 0.38046875 0.5359375 0.009375 0.0109375
0 0.3703125 0.61015625 0.00625 0.009375
0 0.359375 0.62265625 0.0078125 0.009375
0 0.34140625 0.6125 0.0078125 0.009375
0 0.33671875 0.58671875 0.009375 0.0125
0 0.33359375 0.5625 0.0078125 0.009375
0 0.32265625 0.58671875 0.009375 0.0109375
0 0.3109375 0.61328125 0.009375 0.0140625
0 0.3609375 0.69296875 0.0078125 0.0125
0 0.30703125 0.6796875 0.0078125 0.009375
0 0.32265625 0.67578125 0.009375 0.0109375
0 0.3375 0.678125 0.0078125 0.009375
0 0.31328125 0.696875 0.0078125 0.0109375
0 0.3375 0.72109375 0.009375 0.0109375
0 0.38359375 0.71875 0.009375 0.0078125
0 0.396875 0.728125 0.009375 0.009375
0 0.35390625 0.73125 0.009375 0.0125
0 0.34453125 0.7328125 0.0078125 0.009375
0 0.26640625 0.6875 0.009375 0.0125
0 0.30234375 0.72578125 0.0109375 0.0109375
0 0.31015625 0.71640625 0.0234375 0.0109375
0 0.30625 0.746875 0.0125 0.0203125
0 0.27265625 0.7171875 0.0078125 0.0109375
0 0.32734375 0.7890625 0.009375 0.0125
0 0.309375 0.7890625 0.0078125 0.0109375
0 0.3609375 0.803125 0.0078125 0.009375
0 0.35390625 0.8234375 0.0109375 0.0140625
0 0.34765625 0.84453125 0.0078125 0.0125
0 0.3375 0.82578125 0.015625 0.0125
0 0.39140625 0.8671875 0.009375 0.009375
0 0.3765625 0.88046875 0.009375 0.0109375
0 0.38125 0.9375 0.009375 0.0125
0 0.38828125 0.834375 0.0078125 0.009375
0 0.34921875 0.92265625 0.0078125 0.0109375
0 0.3390625 0.91015625 0.0140625 0.015625
0 0.2546875 0.94296875 0.00625 0.0078125
0 0.2671875 0.95390625 0.0109375 0.0140625
0 0.25859375 0.9625 0.0109375 0.0140625
0 0.3953125 0.9671875 0.0078125 0.009375
0 0.37109375 0.96640625 0.009375 0.0078125
0 0.14609375 0.8421875 0.009375 0.0125
0 0.2859375 0.528125 0.0078125 0.0109375
0 0.2296875 0.45 0.0078125 0.009375
0 0.24375 0.22578125 0.0109375 0.0109375
0 0.23125 0.28515625 0.009375 0.009375
0 0.221875 0.609375 0.009375 0.0109375
0 0.61796875 0.6984375 0.0125 0.0125