0 0.521875 0.54609375 0.0109375 0.015625
0 0.5421875 0.590625 0.0125 0.015625
0 0.59453125 0.53828125 0.0109375 0.0125
0 0.634375 0.52109375 0.0125 0.015625
0 0.6234375 0.57421875 0.00625 0.009375
0 0.6375 0.57578125 0.009375 0.0109375
0 0.62890625 0.59609375 0.0140625 0.0140625
0 0.6078125 0.634375 0.009375 0.0125
0 0.61875 0.6640625 0.0125 0.015625
0 0.59375 0.67265625 0.009375 0.0125
0 0.59375 0.69140625 0.009375 0.009375
0 0.453125 0.67734375 0.009375 0.0125
0 0.525 0.70546875 0.0140625 0.0171875
0 0.34296875 0.665625 0.0078125 0.0109375
0 0.4703125 0.67734375 0.0109375 0.0140625
0 0.69921875 0.653125 0.0078125 0.0125
0 0.69609375 0.628125 0.0078125 0.009375
0 0.72421875 0.56171875 0.0125 0.0125
0 0.7046875 0.6109375 0.0078125 0.009375
0 0.728125 0.6046875 0.0109375 0.015625
0 0.77578125 0.61875 0.009375 0.0125
0 0.7921875 0.5921875 0.0078125 0.0125
0 0.709375 0.74921875 0.0109375 0.0109375
0 0.7171875 0.7609375 0.0125 0.0109375
0 0.7390625 0.77421875 0.0078125 0.0109375
0 0.74609375 0.734375 0.0109375 0.0125
0 0.80078125 0.71640625 0.0078125 0.0125
0 0.7953125 0.73359375 0.0109375 0.0125
0 0.82578125 0.74921875 0.009375 0.0140625
0 0.8 0.76796875 0.0078125 0.0109375
0 0.78203125 0.79765625 0.009375 0.0109375
0 0.7640625 0.8109375 0.009375 0.009375
0 0.69453125 0.846875 0.009375 0.0109375
0 0.8921875 0.7609375 0.0109375 0.0109375
0 0.9453125 0.25546875 0.0140625 0.0140625
0 0.8796875 0.34453125 0.0125 0.015625
0 0.86328125 0.3140625 0.0125 0.015625
0 0.81640625 0.3359375 0.009375 0.0140625
0 0.85703125 0.334375 0.0109375 0.0140625
0 0.88359375 0.446875 0.0109375 0.015625
0 0.8078125 0.3734375 0.0109375 0.0140625
0 0.59296875 0.23984375 0.0140625 0.0125
0 0.65390625 0.20234375 0.009375 0.0140625
0 0.5421875 0.1953125 0.0140625 0.01875
0 0.5671875 0.253125 0.0109375 0.0140625
0 0.428125 0.2375 0.0109375 0.015625
0 0.85546875 0.00859375 0.0125 0.0046875
0 0.78671875 0.04765625 0.0125 0.0109375
0 0.76484375 0.05625 0.0109375 0.0125
0 0.74296875 0.0703125 0.0125 0.0140625
0 0.6828125 0.0640625 0.0171875 0.01875
0 0.47578125 0.0140625 0.009375 0.009375
0 0.52265625 0.02578125 0.009375 0.009375
0 0.3859375 0.17578125 0.009375 0.0109375
0 0.5390625 0.89765625 0.0109375 0.0140625
0 0.39921875 0.81015625 0.009375 0.0125