0 0.47578125 0.31484375 0.01484375 0.021875
0 0.46328125 0.3265625 0.009375 0.02109375
0 0.47265625 0.3484375 0.01171875 0.0171875
0 0.4078125 0.29140625 0.01015625 0.01953125
0 0.45625 0.4625 0.0109375 0.01875
0 0.53984375 0.43203125 0.01015625 0.01640625
0 0.55625 0.41796875 0.009375 0.01328125
0 0.56171875 0.4546875 0.01015625 0.015625
0 0.521875 0.4890625 0.0078125 0.015625
0 0.5671875 0.478125 0.009375 0.0203125
0 0.5984375 0.3890625 0.0078125 0.015625
0 0.55859375 0.3828125 0.00703125 0.01484375
0 0.59453125 0.3203125 0.009375 0.01640625
0 0.6125 0.29609375 0.0125 0.01953125
0 0.6390625 0.20859375 0.009375 0.02109375
0 0.65234375 0.28359375 0.00859375 0.01796875
0 0.4515625 0.53515625 0.0109375 0.02109375
0 0.5 0.55703125 0.0078125 0.01640625
0 0.41953125 0.62421875 0.01015625 0.015625
0 0.41015625 0.66796875 0.0078125 0.0109375
0 0.4390625 0.6546875 0.0078125 0.015625
0 0.46171875 0.62265625 0.00703125 0.01171875
0 0.4640625 0.5890625 0.00859375 0.01484375
0 0.48046875 0.60234375 0.00859375 0.0140625
0 0.47421875 0.65546875 0.009375 0.0140625
0 0.51640625 0.584375 0.0078125 0.0171875
0 0.53359375 0.56015625 0.00703125 0.01328125
0 0.53828125 0.54140625 0.009375 0.015625
0 0.5515625 0.5421875 0.00703125 0.009375
0 0.57265625 0.5359375 0.009375 0.01484375
0 0.53359375 0.6109375 0.00859375 0.01328125
0 0.55234375 0.6125 0.00859375 0.0140625
0 0.590625 0.534375 0.00625 0.01015625
0 0.6046875 0.5265625 0.0078125 0.015625
0 0.634375 0.42578125 0.00859375 0.01484375
0 0.6640625 0.38671875 0.00703125 0.015625
0 0.671875 0.44296875 0.0078125 0.01484375
0 0.70078125 0.4 0.00703125 0.01484375
0 0.70546875 0.3296875 0.00703125 0.015625
0 0.6953125 0.3125 0.00625 0.0125
0 0.7125 0.28359375 0.0078125 0.01640625
0 0.603125 0.13671875 0.00625 0.015625
0 0.725 0.07578125 0.00703125 0.02109375
0 0.73125 0.14921875 0.0078125 0.0140625
0 0.7625 0.31328125 0.00546875 0.01875
0 0.80234375 0.3296875 0.0078125 0.01796875
0 0.7765625 0.3390625 0.01015625 0.0234375
0 0.790625 0.409375 0.00703125 0.021875
0 0.71875 0.46796875 0.00703125 0.01171875
0 0.7265625 0.53671875 0.00625 0.0109375
0 0.7203125 0.4984375 0.00859375 0.01640625
0 0.66953125 0.46796875 0.00703125 0.0140625
0 0.76015625 0.54296875 0.0078125 0.01640625
0 0.721875 0.559375 0.00703125 0.0140625
0 0.734375 0.559375 0.00703125 0.01484375
0 0.74609375 0.58671875 0.00859375 0.01484375
0 0.684375 0.57890625 0.00703125 0.0125
0 0.69296875 0.5875 0.00546875 0.01171875
0 0.70390625 0.60390625 0.0078125 0.01640625
0 0.7140625 0.58203125 0.00859375 0.0125
0 0.74140625 0.64609375 0.00703125 0.0140625
0 0.78359375 0.6546875 0.00703125 0.01875
0 0.77265625 0.6796875 0.00625 0.01328125
0 0.73125 0.6625 0.00703125 0.015625
0 0.7390625 0.68671875 0.00703125 0.0140625
0 0.7015625 0.68203125 0.00703125 0.01328125
0 0.6796875 0.65234375 0.00703125 0.0125
0 0.578125 0.64765625 0.0109375 0.01640625
0 0.56171875 0.65546875 0.00625 0.01484375
0 0.66015625 0.61640625 0.00546875 0.0140625
0 0.65234375 0.590625 0.00703125 0.0125
0 0.6171875 0.63828125 0.00546875 0.01328125
0 0.60859375 0.6375 0.00546875 0.0125
0 0.6828125 0.69140625 0.00625 0.01484375
0 0.69296875 0.6953125 0.0078125 0.0125
0 0.740625 0.7 0.00859375 0.0140625
0 0.73359375 0.71171875 0.00625 0.0125
0 0.7015625 0.746875 0.00625 0.01328125
0 0.6640625 0.75625 0.00625 0.0140625
0 0.6703125 0.77734375 0.00703125 0.01328125
0 0.6734375 0.796875 0.00703125 0.0125
0 0.63828125 0.82421875 0.00703125 0.0125
0 0.625 0.87890625 0.0078125 0.0109375
0 0.61953125 0.9234375 0.00625 0.0109375
0 0.6046875 0.9625 0.00859375 0.01328125
0 0.75625 0.89765625 0.0078125 0.01640625
0 0.73984375 0.90546875 0.00625 0.0125
0 0.7484375 0.91484375 0.00546875 0.0140625
0 0.64453125 0.9890625 0.00625 0.0125
0 0.57265625 0.778125 0.0109375 0.01875
0 0.62734375 0.790625 0.01640625 0.05859375
0 0.6546875 0.675 0.00625 0.01640625
0 0.659375 0.703125 0.00859375 0.0140625
0 0.63671875 0.70234375 0.009375 0.0171875
0 0.57890625 0.68984375 0.00703125 0.015625
0 0.5640625 0.69765625 0.00859375 0.01328125
0 0.571875 0.709375 0.00703125 0.0109375
0 0.56796875 0.73359375 0.00859375 0.015625
0 0.57421875 0.75546875 0.00703125 0.0140625
0 0.5359375 0.78828125 0.00703125 0.0109375
0 0.5578125 0.77109375 0.0078125 0.01328125
0 0.49453125 0.70546875 0.00703125 0.01171875
0 0.49375 0.75 0.00546875 0.009375
0 0.4859375 0.7578125 0.009375 0.01328125
0 0.46328125 0.7765625 0.00625 0.0109375
0 0.853125 0.24296875 0.009375 0.01953125
0 0.88828125 0.8078125 0.0078125 0.01171875
0 0.84375 0.44375 0.00703125 0.01796875
0 0.77890625 0.509375 0.00625 0.0140625
0 0.7765625 0.47265625 0.0078125 0.01328125
0 0.65859375 0.4375 0.01015625 0.0125