0 0.2 0.559375 0.009375 0.015625
0 0.265625 0.56015625 0.0125 0.0203125
0 0.265625 0.5890625 0.0109375 0.0203125
0 0.153125 0.4875 0.009375 0.0125
0 0.4328125 0.5296875 0.009375 0.0203125
0 0.40703125 0.503125 0.015625 0.025
0 0.803125 0.546875 0.0109375 0.015625
0 0.61796875 0.45390625 0.0046875 0.0078125
0 0.21171875 0.515625 0.009375 0.0140625
0 0.04375 0.63203125 0.0078125 0.0140625
0 0.3234375 0.10546875 0.003125 0.00625
0 0.14921875 0.0609375 0.003125 0.00625
0 0.628125 0.1984375 0.0046875 0.0046875