0 0.20859375 0.5921875 0.0078125 0.0140625
0 0.2734375 0.5875 0.0109375 0.01875
0 0.27578125 0.615625 0.009375 0.01875
0 0.15703125 0.52578125 0.009375 0.0109375
0 0.43359375 0.54296875 0.0078125 0.01875
0 0.40546875 0.5203125 0.0140625 0.025
0 0.796875 0.52734375 0.009375 0.0140625
0 0.6078125 0.453125 0.003125 0.0078125
0 0.2171875 0.5484375 0.0078125 0.0140625
0 0.0625 0.6765625 0.00625 0.0140625
0 0.290625 0.13828125 0.003125 0.00625
0 0.3046875 0.0296875 0.003125 0.0046875
0 0.1171875 0.1109375 0.003125 0.0046875
0 0.43203125 0.00703125 0.003125 0.0046875
0 0.4046875 0.01171875 0.0046875 0.00625
0 0.59609375 0.20390625 0.0046875 0.0046875