0 0.22265625 0.0015625 0.0109375 0.003125
0 0.16953125 0.0453125 0.009375 0.0125
0 0.17734375 0.05078125 0.009375 0.0109375
0 0.22109375 0.05234375 0.009375 0.0109375
0 0.19140625 0.01171875 0.009375 0.0125
0 0.2390625 0.0703125 0.0078125 0.009375
0 0.25625 0.04609375 0.00625 0.009375
0 0.25 0.075 0.0078125 0.009375
0 0.25390625 0.0828125 0.009375 0.0125
0 0.4921875 0.01484375 0.0078125 0.009375
0 0.4890625 0.040625 0.0125 0.0125
0 0.503125 0.03046875 0.015625 0.01875
0 0.49921875 0.053125 0.0078125 0.0125
0 0.30859375 0.21328125 0.0109375 0.0140625
0 0.2390625 0.30234375 0.0140625 0.01875
0 0.32265625 0.34140625 0.009375 0.0171875
0 0.26484375 0.45 0.0078125 0.0109375
0 0.2625 0.465625 0.009375 0.015625
0 0.30625 0.43984375 0.0078125 0.0125
0 0.3796875 0.46796875 0.0078125 0.0109375
0 0.3484375 0.46328125 0.009375 0.0078125
0 0.415625 0.47265625 0.009375 0.0109375
0 0.39140625 0.44609375 0.0078125 0.0125
0 0.375 0.4515625 0.0078125 0.0109375
0 0.3734375 0.4390625 0.0078125 0.009375
0 0.45234375 0.475 0.0078125 0.0125
0 0.253125 0.56484375 0.0078125 0.0109375
0 0.24609375 0.58046875 0.0078125 0.0109375
0 0.3515625 0.56015625 0.00625 0.0109375
0 0.35859375 0.578125 0.0078125 0.0140625
0 0.278125 0.64375 0.0078125 0.009375
0 0.28359375 0.65703125 0.009375 0.0171875
0 0.3015625 0.66875 0.0078125 0.0109375
0 0.28984375 0.65 0.0078125 0.0125
0 0.3328125 0.68984375 0.0078125 0.0109375
0 0.31328125 0.6921875 0.0078125 0.0109375
0 0.33984375 0.70078125 0.00625 0.0109375
0 0.365625 0.690625 0.0078125 0.0125
0 0.40390625 0.62578125 0.0078125 0.0125
0 0.10625 0.72109375 0.0078125 0.0109375
0 0.08359375 0.73515625 0.00625 0.009375
0 0.06953125 0.7671875 0.00625 0.0109375
0 0.0984375 0.7359375 0.00625 0.009375
0 0.12109375 0.759375 0.00625 0.009375
0 0.05390625 0.79375 0.00625 0.0109375
0 0.14765625 0.87734375 0.00625 0.0078125
0 0.14296875 0.89375 0.00625 0.009375
0 0.153125 0.90703125 0.00625 0.009375
0 0.0734375 0.83984375 0.00625 0.009375
0 0.0796875 0.86796875 0.0046875 0.009375
0 0.0421875 0.8359375 0.00625 0.0078125
0 0.05546875 0.84765625 0.00625 0.009375
0 0.02265625 0.86640625 0.0078125 0.009375
0 0.3015625 0.8421875 0.0078125 0.0125
0 0.31796875 0.83359375 0.0078125 0.009375
0 0.309375 0.85703125 0.0109375 0.01875
0 0.3015625 0.87109375 0.00625 0.009375
0 0.28046875 0.89453125 0.00625 0.009375
0 0.26796875 0.92578125 0.0078125 0.0125
0 0.4109375 0.94921875 0.00625 0.0078125
0 0.4484375 0.80625 0.00625 0.009375
0 0.43515625 0.31015625 0.00625 0.0078125
0 0.63046875 0.16328125 0.0078125 0.0109375
0 0.57421875 0.17421875 0.00625 0.009375
0 0.56171875 0.14921875 0.00625 0.009375
0 0.5453125 0.13046875 0.00625 0.009375
0 0.53984375 0.10234375 0.00625 0.009375
0 0.5796875 0.09140625 0.00625 0.0078125
0 0.61328125 0.27265625 0.00625 0.0109375
0 0.59609375 0.35 0.0078125 0.0125
0 0.6046875 0.353125 0.00625 0.0109375
0 0.58828125 0.38359375 0.00625 0.0109375
0 0.5140625 0.415625 0.00625 0.009375
0 0.5109375 0.4109375 0.0046875 0.0078125
0 0.525 0.434375 0.00625 0.009375
0 0.55 0.4703125 0.00625 0.0109375
0 0.53203125 0.47734375 0.00625 0.0078125
0 0.5421875 0.48125 0.0078125 0.0109375
0 0.52578125 0.4984375 0.0078125 0.0125
0 0.56015625 0.48515625 0.00625 0.009375
0 0.54921875 0.5046875 0.009375 0.0109375
0 0.54453125 0.5296875 0.0078125 0.009375
0 0.55625 0.6296875 0.0078125 0.0125
0 0.5265625 0.85703125 0.00625 0.0109375
0 0.53515625 0.86796875 0.00625 0.009375
0 0.521875 0.878125 0.009375 0.0125
0 0.4890625 0.8765625 0.00625 0.009375
0 0.5828125 0.86796875 0.00625 0.009375
0 0.58515625 0.88203125 0.0078125 0.0109375
0 0.5890625 0.884375 0.00625 0.0078125
0 0.59375 0.88046875 0.00625 0.009375
0 0.5640625 0.95390625 0.0078125 0.009375
0 0.5703125 0.96640625 0.0078125 0.0140625
0 0.77421875 0.81953125 0.0109375 0.015625
0 0.70390625 0.74140625 0.009375 0.0125
0 0.715625 0.7171875 0.009375 0.0140625
0 0.74609375 0.6921875 0.0078125 0.0109375
0 0.75859375 0.68125 0.0078125 0.009375
0 0.7796875 0.63046875 0.00625 0.0078125
0 0.81015625 0.4609375 0.0109375 0.0140625
0 0.81953125 0.4640625 0.00625 0.009375
0 0.82109375 0.44765625 0.0109375 0.0140625
0 0.7875 0.334375 0.009375 0.0125
0 0.79296875 0.34921875 0.0078125 0.009375
0 0.8125 0.3296875 0.0125 0.015625
0 0.8578125 0.3875 0.009375 0.015625
0 0.86875 0.3890625 0.0078125 0.0109375
0 0.87265625 0.40390625 0.0109375 0.0140625
0 0.66015625 0.49140625 0.0078125 0.0125
0 0.665625 0.471875 0.009375 0.0140625
0 0.6375 0.48359375 0.00625 0.0078125
0 0.62578125 0.51953125 0.00625 0.0078125
0 0.6734375 0.80546875 0.00625 0.009375
0 0.934375 0.88828125 0.0078125 0.0078125
0 0.9453125 0.8921875 0.0109375 0.0140625
0 0.70546875 0.22421875 0.0046875 0.0078125
0 0.65078125 0.246875 0.00625 0.0078125
0 0.6 0.2734375 0.015625 0.0203125
0 0.96640625 0.19453125 0.0140625 0.0203125