0 0.29375 0.1515625 0.01640625 0.02109375
0 0.36171875 0.146875 0.01796875 0.015625
0 0.45859375 0.18984375 0.015625 0.02265625
0 0.3765625 0.23203125 0.015625 0.01875
0 0.21796875 0.5640625 0.01875 0.0203125
0 0.21875 0.4953125 0.01796875 0.0265625
0 0.390625 0.6625 0.01640625 0.0234375
0 0.3109375 0.73515625 0.015625 0.01796875
0 0.4859375 0.5140625 0.01171875 0.021875
0 0.34453125 0.48515625 0.01640625 0.01875
0 0.62734375 0.496875 0.01328125 0.01640625
0 0.6328125 0.54375 0.01015625 0.0125
0 0.68671875 0.54375 0.0109375 0.01875
0 0.6234375 0.471875 0.00859375 0.01015625
0 0.653125 0.44609375 0.01015625 0.01328125
0 0.6734375 0.44453125 0.0109375 0.0140625
0 0.58125 0.4140625 0.01328125 0.0140625
0 0.49921875 0.39375 0.01328125 0.01328125
0 0.59296875 0.2578125 0.009375 0.01484375
0 0.61484375 0.2421875 0.01015625 0.01640625
0 0.6140625 0.16953125 0.0125 0.0125
0 0.7734375 0.23671875 0.0109375 0.015625
0 0.8515625 0.4765625 0.0125 0.0203125
0 0.81953125 0.54765625 0.009375 0.015625
0 0.5890625 0.565625 0.0109375 0.01171875
0 0.675 0.60625 0.01015625 0.01796875
0 0.66171875 0.596875 0.0078125 0.01640625
0 0.65625 0.64609375 0.01015625 0.01484375
0 0.70625 0.6734375 0.009375 0.0203125
0 0.71171875 0.66171875 0.0078125 0.01328125
0 0.76796875 0.715625 0.0125 0.0171875
0 0.646875 0.6453125 0.00546875 0.00859375
0 0.65234375 0.63046875 0.00625 0.01171875
0 0.6140625 0.6140625 0.0046875 0.00859375
0 0.37578125 0.409375 0.015625 0.0171875
0 0.35390625 0.73671875 0.0109375 0.0109375
0 0.325 0.75234375 0.02109375 0.0203125