0 0.8171875 0.0359375 0.009375 0.0140625
0 0.87109375 0.0828125 0.009375 0.0109375
0 0.94140625 0.14921875 0.0125 0.0171875
0 0.915625 0.14765625 0.0140625 0.0171875
0 0.75078125 0.021875 0.0125 0.0125
0 0.7390625 0.06953125 0.0109375 0.0234375
0 0.71015625 0.0703125 0.0125 0.015625
0 0.765625 0.1484375 0.009375 0.0140625
0 0.7765625 0.1890625 0.0109375 0.0171875
0 0.61875 0.08203125 0.0140625 0.0140625
0 0.59765625 0.0296875 0.0125 0.015625
0 0.5421875 0.1046875 0.0109375 0.0125
0 0.54453125 0.12890625 0.0125 0.0125
0 0.521875 0.14296875 0.015625 0.015625
0 0.4703125 0.1453125 0.0140625 0.01875
0 0.4671875 0.03828125 0.009375 0.0125
0 0.4421875 0.0171875 0.0109375 0.015625
0 0.49375 0.05 0.0109375 0.0171875
0 0.359375 0.04921875 0.009375 0.0171875
0 0.3203125 0.06015625 0.0109375 0.0140625
0 0.29140625 0.07421875 0.0109375 0.0140625
0 0.25 0.03125 0.0171875 0.01875
0 0.7578125 0.2640625 0.0109375 0.0140625
0 0.80390625 0.29140625 0.0109375 0.0140625
0 0.82109375 0.35859375 0.009375 0.0109375
0 0.75859375 0.35390625 0.0109375 0.0140625
0 0.80625 0.4046875 0.0125 0.015625
0 0.70703125 0.39140625 0.009375 0.0125
0 0.67265625 0.2390625 0.0109375 0.015625
0 0.52265625 0.2125 0.0125 0.0125
0 0.49921875 0.1875 0.0109375 0.0109375
0 0.4640625 0.18828125 0.009375 0.009375
0 0.478125 0.21015625 0.009375 0.0125
0 0.45703125 0.23359375 0.009375 0.015625
0 0.4421875 0.171875 0.0125 0.015625
0 0.27890625 0.1671875 0.0140625 0.01875
0 0.259375 0.15546875 0.0109375 0.015625
0 0.28671875 0.24375 0.0140625 0.01875
0 0.25703125 0.26328125 0.0125 0.0125
0 0.99921875 0.52265625 0.0015625 0.0109375
0 0.96015625 0.49375 0.0125 0.0140625
0 0.97734375 0.553125 0.009375 0.0140625
0 0.8671875 0.55546875 0.0109375 0.0140625
0 0.7546875 0.46640625 0.0109375 0.015625
0 0.63515625 0.39140625 0.0125 0.015625
0 0.63515625 0.4296875 0.0109375 0.015625
0 0.61953125 0.46875 0.009375 0.0171875
0 0.62578125 0.5 0.0109375 0.015625
0 0.58125 0.4828125 0.0109375 0.0171875
0 0.515625 0.465625 0.0078125 0.0140625
0 0.5578125 0.5421875 0.0109375 0.015625
0 0.525 0.56328125 0.009375 0.0125
0 0.546875 0.57265625 0.0125 0.015625
0 0.615625 0.578125 0.009375 0.0125
0 0.625 0.61875 0.0109375 0.0125
0 0.653125 0.62265625 0.0109375 0.0109375
0 0.7328125 0.56875 0.0109375 0.015625
0 0.75703125 0.5984375 0.0125 0.0125
0 0.92265625 0.57890625 0.0140625 0.015625
0 0.98125 0.75234375 0.00625 0.0140625
0 0.9390625 0.8109375 0.009375 0.015625
0 0.9078125 0.825 0.0125 0.0171875
0 0.79453125 0.74140625 0.009375 0.0125
0 0.82890625 0.78359375 0.0109375 0.0125
0 0.7140625 0.95703125 0.0125 0.0328125
0 0.60703125 0.79609375 0.009375 0.0125
0 0.59140625 0.86640625 0.0109375 0.0125
0 0.53125 0.81640625 0.0109375 0.015625
0 0.57578125 0.7625 0.0109375 0.015625
0 0.4890625 0.7828125 0.0140625 0.01875
0 0.5015625 0.7484375 0.009375 0.009375
0 0.4296875 0.71640625 0.009375 0.0109375
0 0.3875 0.77109375 0.0078125 0.0109375
0 0.4546875 0.84921875 0.009375 0.0140625
0 0.3375 0.75078125 0.009375 0.0140625
0 0.3171875 0.7890625 0.009375 0.009375
0 0.2375 0.853125 0.0125 0.0140625
0 0.28671875 0.71171875 0.0078125 0.0125
0 0.27421875 0.6859375 0.009375 0.0109375
0 0.30546875 0.62265625 0.009375 0.0125
0 0.27890625 0.63046875 0.0109375 0.0140625
0 0.4265625 0.63046875 0.009375 0.0140625
0 0.4390625 0.48671875 0.0078125 0.0078125
0 0.37890625 0.4421875 0.0109375 0.0125
0 0.3921875 0.46875 0.0171875 0.009375
0 0.3984375 0.49765625 0.009375 0.009375
0 0.29921875 0.490625 0.0109375 0.009375
0 0.2671875 0.5390625 0.0140625 0.015625
0 0.2734375 0.37578125 0.0109375 0.0140625
0 0.24453125 0.38125 0.0125 0.0125
0 0.215625 0.27734375 0.0125 0.015625
0 0.209375 0.321875 0.0078125 0.0109375
0 0.1765625 0.30546875 0.0125 0.01875
0 0.153125 0.32890625 0.0109375 0.0171875
0 0.1890625 0.26328125 0.009375 0.0125
0 0.16484375 0.2609375 0.009375 0.0125
0 0.2125 0.1234375 0.0109375 0.0140625
0 0.20859375 0.04375 0.0109375 0.0171875
0 0.18828125 0.071875 0.0125 0.0171875
0 0.17890625 0.1515625 0.0109375 0.015625
0 0.153125 0.1546875 0.0078125 0.0109375
0 0.15625 0.115625 0.0078125 0.0125
0 0.12890625 0.1390625 0.009375 0.015625
0 0.10859375 0.1015625 0.0109375 0.015625
0 0.08359375 0.07421875 0.009375 0.0140625
0 0.0828125 0.0234375 0.0125 0.0171875
0 0.03515625 0.13125 0.009375 0.0125
0 0.09375 0.1203125 0.0109375 0.0109375
0 0.1390625 0.39375 0.009375 0.015625
0 0.1171875 0.4515625 0.0078125 0.0140625
0 0.1125 0.41015625 0.0078125 0.015625
0 0.16328125 0.490625 0.009375 0.0109375
0 0.23046875 0.6109375 0.0078125 0.0109375
0 0.1453125 0.6640625 0.00625 0.0140625
0 0.21171875 0.7671875 0.0109375 0.0125
0 0.1953125 0.7640625 0.0078125 0.0109375
0 0.103125 0.71328125 0.009375 0.0171875
0 0.04609375 0.64921875 0.009375 0.0125
0 0.00546875 0.703125 0.0109375 0.0140625
0 0.1171875 0.56328125 0.0109375 0.015625
0 0.13359375 0.60625 0.0109375 0.01875
0 0.05390625 0.425 0.009375 0.0171875
0 0.021875 0.3953125 0.009375 0.0140625
0 0.034375 0.27578125 0.0140625 0.015625
0 0.09609375 0.29921875 0.009375 0.0171875
0 0.0875 0.3234375 0.0109375 0.015625
0 0.17421875 0.390625 0.0078125 0.00625