0 0.0921875 0.084375 0.0234375 0.0359375
0 0.1125 0.13203125 0.0265625 0.0328125
0 0.01796875 0.1828125 0.01875 0.0328125
0 0.03203125 0.3421875 0.01875 0.03125
0 0.053125 0.3078125 0.015625 0.0265625
0 0.08125 0.31015625 0.0140625 0.025
0 0.13671875 0.26796875 0.0125 0.021875
0 0.1984375 0.25546875 0.01875 0.025
0 0.16015625 0.33984375 0.0140625 0.01875
0 0.0953125 0.40390625 0.0171875 0.03125
0 0.1625 0.48828125 0.015625 0.028125
0 0.26875 0.415625 0.0171875 0.0234375
0 0.3703125 0.36796875 0.0265625 0.0375
0 0.415625 0.35 0.0171875 0.03125
0 0.35625 0.26640625 0.0125 0.021875
0 0.39609375 0.240625 0.01875 0.021875
0 0.3703125 0.21328125 0.0203125 0.0234375
0 0.375 0.1515625 0.021875 0.034375
0 0.3546875 0.0984375 0.01875 0.0265625
0 0.35234375 0.03828125 0.0265625 0.034375
0 0.45 0.009375 0.021875 0.0171875
0 0.57734375 0.0890625 0.01875 0.0234375
0 0.5984375 0.06875 0.0171875 0.03125
0 0.653125 0.0171875 0.0140625 0.0203125
0 0.58671875 0.2046875 0.015625 0.021875
0 0.8328125 0.29921875 0.021875 0.0328125
0 0.75625 0.328125 0.0140625 0.0234375
0 0.65625 0.33515625 0.01875 0.025
0 0.7 0.41015625 0.0203125 0.034375
0 0.82578125 0.4140625 0.028125 0.0359375
0 0.65546875 0.46484375 0.0171875 0.028125
0 0.64140625 0.4140625 0.0125 0.0234375
0 0.7546875 0.6484375 0.0234375 0.034375
0 0.8671875 0.6953125 0.0203125 0.034375
0 0.75859375 0.83671875 0.0234375 0.0328125
0 0.56953125 0.77109375 0.021875 0.03125
0 0.6140625 0.59140625 0.0203125 0.028125
0 0.5140625 0.63984375 0.0296875 0.04375
0 0.51875 0.58671875 0.0171875 0.0234375
0 0.50546875 0.45390625 0.021875 0.034375
0 0.45390625 0.459375 0.021875 0.0328125
0 0.46953125 0.871875 0.0171875 0.0265625
0 0.49296875 0.96875 0.0171875 0.0265625
0 0.44765625 0.809375 0.0234375 0.0296875
0 0.4796875 0.6421875 0.01875 0.0265625
0 0.4171875 0.66015625 0.0203125 0.0265625
0 0.33125 0.6953125 0.021875 0.034375
0 0.37109375 0.6734375 0.0234375 0.0328125
0 0.00390625 0.41484375 0.0078125 0.0265625
0 0.0453125 0.54609375 0.015625 0.0234375
0 0.0796875 0.57734375 0.0171875 0.0265625
0 0.10625 0.59765625 0.01875 0.028125
0 0.02734375 0.6015625 0.0171875 0.0234375
0 0.04609375 0.70234375 0.0171875 0.0265625
0 0.27890625 0.96953125 0.0171875 0.0234375
0 0.16640625 0.9328125 0.0140625 0.0171875
0 0.16171875 0.615625 0.01875 0.03125
0 0.5328125 0.928125 0.025 0.03125