0 0.60859375 0.2171875 0.0109375 0.0140625
0 0.3484375 0.26328125 0.0109375 0.0125
0 0.41484375 0.30390625 0.0125 0.0140625
0 0.40078125 0.31484375 0.0125 0.0125
0 0.40703125 0.3390625 0.009375 0.009375
0 0.53984375 0.33359375 0.0125 0.0140625
0 0.56015625 0.31171875 0.0109375 0.015625
0 0.60625 0.3046875 0.0109375 0.0125
0 0.5296875 0.409375 0.009375 0.0109375
0 0.48828125 0.3953125 0.009375 0.0109375
0 0.4796875 0.43203125 0.0078125 0.009375
0 0.4796875 0.47265625 0.009375 0.0125
0 0.5578125 0.45703125 0.009375 0.0109375
0 0.596875 0.4203125 0.009375 0.0109375
0 0.64296875 0.3453125 0.0078125 0.0125
0 0.6671875 0.31796875 0.0125 0.0140625
0 0.6515625 0.36484375 0.009375 0.0125
0 0.7109375 0.36015625 0.009375 0.0125
0 0.48046875 0.50078125 0.009375 0.0125
0 0.434375 0.5046875 0.0078125 0.0125
0 0.31796875 0.5140625 0.0078125 0.009375
0 0.3546875 0.5421875 0.0078125 0.009375
0 0.4 0.575 0.0078125 0.0109375
0 0.43984375 0.56484375 0.0109375 0.015625
0 0.43359375 0.584375 0.0078125 0.0109375
0 0.45390625 0.565625 0.00625 0.009375
0 0.47578125 0.56640625 0.0078125 0.009375
0 0.49453125 0.56640625 0.009375 0.0109375
0 0.51015625 0.56015625 0.0078125 0.0125
0 0.36015625 0.60625 0.009375 0.0109375
0 0.41328125 0.6109375 0.0078125 0.0109375
0 0.3734375 0.6234375 0.00625 0.009375
0 0.35234375 0.64375 0.0078125 0.009375
0 0.32421875 0.67578125 0.0078125 0.0078125
0 0.296875 0.6859375 0.009375 0.009375
0 0.36015625 0.6796875 0.0078125 0.009375
0 0.4265625 0.64296875 0.0078125 0.0109375
0 0.44296875 0.64609375 0.0078125 0.0109375
0 0.371875 0.7390625 0.00625 0.0078125
0 0.44453125 0.696875 0.0109375 0.0109375
0 0.46171875 0.69140625 0.0109375 0.0140625
0 0.43984375 0.7421875 0.0078125 0.009375
0 0.45625 0.7375 0.00625 0.0078125
0 0.446875 0.75703125 0.00625 0.009375
0 0.36328125 0.7875 0.0078125 0.0125
0 0.353125 0.79453125 0.009375 0.0125
0 0.33046875 0.81328125 0.009375 0.0109375
0 0.43828125 0.78203125 0.009375 0.0140625
0 0.43984375 0.80625 0.00625 0.009375
0 0.42109375 0.82265625 0.009375 0.0125
0 0.39765625 0.8375 0.009375 0.0109375
0 0.43515625 0.83125 0.0109375 0.015625
0 0.50234375 0.68515625 0.0078125 0.0125
0 0.546875 0.6671875 0.009375 0.0125
0 0.58515625 0.509375 0.009375 0.0125
0 0.59296875 0.48359375 0.009375 0.0125
0 0.63125 0.440625 0.00625 0.009375
0 0.5859375 0.13046875 0.0109375 0.0140625
0 0.321875 0.02890625 0.0125 0.0125
0 0.2484375 0.11640625 0.0125 0.0140625
0 0.715625 0.171875 0.0109375 0.0125
0 0.6859375 0.2375 0.0203125 0.0203125
0 0.7203125 0.38828125 0.009375 0.0140625
0 0.74921875 0.3859375 0.009375 0.0125
0 0.7171875 0.4703125 0.0078125 0.0109375
0 0.63359375 0.51875 0.009375 0.0109375
0 0.59140625 0.5546875 0.0109375 0.0109375
0 0.57734375 0.63046875 0.00625 0.0109375
0 0.58359375 0.64453125 0.0078125 0.0109375
0 0.6046875 0.64140625 0.0078125 0.0109375
0 0.6171875 0.6171875 0.009375 0.0125
0 0.62734375 0.5953125 0.0078125 0.0109375
0 0.63046875 0.62109375 0.009375 0.0109375
0 0.63359375 0.6515625 0.0109375 0.0140625
0 0.56015625 0.7125 0.009375 0.0125
0 0.6171875 0.71640625 0.009375 0.009375
0 0.603125 0.70859375 0.009375 0.0125
0 0.5875 0.70546875 0.0078125 0.009375
0 0.6046875 0.73203125 0.009375 0.0109375
0 0.575 0.746875 0.009375 0.0109375
0 0.53046875 0.73046875 0.009375 0.0078125
0 0.5140625 0.7359375 0.009375 0.009375
0 0.5546875 0.7515625 0.0109375 0.0125
0 0.5640625 0.75703125 0.0078125 0.0109375
0 0.65390625 0.7375 0.0109375 0.0125
0 0.60703125 0.7625 0.0109375 0.0109375
0 0.6015625 0.75078125 0.0234375 0.0125
0 0.59609375 0.78203125 0.0140625 0.021875
0 0.63828125 0.7640625 0.0078125 0.0109375
0 0.56171875 0.81640625 0.0109375 0.0125
0 0.5796875 0.821875 0.009375 0.0109375
0 0.525 0.81953125 0.009375 0.009375
0 0.5265625 0.840625 0.0109375 0.0140625
0 0.52578125 0.86328125 0.0078125 0.0140625
0 0.54140625 0.8484375 0.015625 0.0125
0 0.4765625 0.87265625 0.009375 0.009375
0 0.4859375 0.88828125 0.009375 0.0109375
0 0.46484375 0.94296875 0.0109375 0.0125
0 0.48984375 0.840625 0.0078125 0.009375
0 0.49921875 0.9390625 0.0078125 0.0109375
0 0.51328125 0.9296875 0.0140625 0.015625
0 0.584375 0.9875 0.00625 0.009375
0 0.56796875 0.99375 0.0109375 0.0125
0 0.475 0.99921875 0.01875 0.0015625
0 0.440625 0.96796875 0.0078125 0.009375
0 0.46484375 0.9734375 0.009375 0.0078125
0 0.721875 0.925 0.009375 0.0125
0 0.684375 0.57734375 0.009375 0.0109375
0 0.7640625 0.51953125 0.0078125 0.009375
0 0.8203125 0.2984375 0.0125 0.0125
0 0.81328125 0.36015625 0.009375 0.009375
0 0.7203125 0.675 0.0109375 0.0109375
0 0.31015625 0.6375 0.0140625 0.0140625