0 0.25859375 0.48671875 0.0078125 0.009375
0 0.32890625 0.53125 0.00625 0.0078125
0 0.3953125 0.1703125 0.0078125 0.0125
0 0.496875 0.1796875 0.0078125 0.0109375
0 0.6328125 0.34765625 0.0078125 0.0125
0 0.4796875 0.475 0.0046875 0.009375
0 0.56640625 0.48203125 0.0046875 0.0078125
0 0.51875 0.625 0.00625 0.0078125
0 0.44296875 0.66015625 0.00625 0.009375
0 0.12265625 0.87890625 0.0078125 0.0109375
0 0.45390625 0.8296875 0.0046875 0.0078125
0 0.5109375 0.84140625 0.00625 0.0078125
0 0.54375 0.8765625 0.00625 0.0078125
0 0.54921875 0.8140625 0.0046875 0.00625
0 0.56171875 0.70703125 0.0046875 0.0046875
0 0.659375 0.69765625 0.00625 0.0078125
0 0.62578125 0.62265625 0.0046875 0.0078125
0 0.93359375 0.94453125 0.00625 0.0078125
0 0.671875 0.1375 0.0078125 0.0109375
0 0.92265625 0.18671875 0.009375 0.009375
0 0.89296875 0.29140625 0.0046875 0.0078125
0 0.30234375 0.7671875 0.0046875 0.0078125
0 0.28984375 0.66328125 0.0046875 0.00625
0 0.3046875 0.634375 0.003125 0.0046875
0 0.1203125 0.621875 0.00625 0.009375
0 0.0546875 0.44140625 0.00625 0.009375
0 0.5609375 0.7109375 0.0046875 0.0046875
0 0.490625 0.846875 0.00625 0.0078125
0 0.3265625 0.4203125 0.003125 0.00625
0 0.56328125 0.42265625 0.0046875 0.009375
0 0.125 0.2109375 0.0046875 0.0078125
0 0.61640625 0.5015625 0.0046875 0.00625
0 0.0609375 0.4921875 0.00625 0.009375
0 0.0546875 0.55390625 0.0046875 0.0078125
0 0.57578125 0.21484375 0.0078125 0.009375
0 0.72578125 0.34296875 0.0046875 0.00625
0 0.1734375 0.11640625 0.0046875 0.00625