0 0.71953125 0.43359375 0.0078125 0.0109375
0 0.66015625 0.49765625 0.0078125 0.009375
0 0.49375 0.1484375 0.009375 0.0140625
0 0.3921875 0.18515625 0.009375 0.0125
0 0.30078125 0.39375 0.009375 0.0140625
0 0.490625 0.48203125 0.00625 0.009375
0 0.40390625 0.51328125 0.0046875 0.009375
0 0.4921875 0.64453125 0.00625 0.009375
0 0.57890625 0.66015625 0.0078125 0.009375
0 0.96484375 0.7953125 0.009375 0.0125
0 0.6140625 0.83515625 0.00625 0.0078125
0 0.559375 0.8640625 0.0078125 0.009375
0 0.534375 0.9078125 0.00625 0.0078125
0 0.5125 0.84609375 0.00625 0.0078125
0 0.46953125 0.740625 0.0046875 0.0046875
0 0.36875 0.75703125 0.0078125 0.009375
0 0.38203125 0.671875 0.00625 0.0078125
0 0.2015625 0.18984375 0.009375 0.0125
0 0.01953125 0.4078125 0.00625 0.009375
0 0.75078125 0.73203125 0.00625 0.0078125
0 0.73515625 0.621875 0.00625 0.00625
0 0.7125 0.59609375 0.003125 0.0046875
0 0.896875 0.5328125 0.00625 0.009375
0 0.91484375 0.33203125 0.0078125 0.0109375
0 0.47265625 0.74453125 0.00625 0.00625
0 0.58125 0.86328125 0.00625 0.009375
0 0.63203125 0.38359375 0.003125 0.00625
0 0.39140625 0.45078125 0.00625 0.009375
0 0.78046875 0.115625 0.00625 0.0078125
0 0.3578125 0.5453125 0.0046875 0.0078125
0 0.92265625 0.38515625 0.0078125 0.0109375
0 0.94609375 0.44609375 0.0046875 0.0078125
0 0.321875 0.24375 0.009375 0.0109375
0 0.20390625 0.4140625 0.00625 0.00625
0 0.7046875 0.03203125 0.00625 0.00625