0 0.259375 0.4640625 0.00625 0.009375
0 0.325 0.5140625 0.00625 0.0078125
0 0.421875 0.16328125 0.00703125 0.01171875
0 0.52265625 0.18046875 0.00703125 0.0109375
0 0.64140625 0.359375 0.00625 0.01171875
0 0.4796875 0.471875 0.0046875 0.0078125
0 0.56484375 0.48671875 0.00390625 0.0078125
0 0.5046875 0.62265625 0.00546875 0.0078125
0 0.4265625 0.6515625 0.00546875 0.0078125
0 0.090625 0.83984375 0.00703125 0.0109375
0 0.42265625 0.81953125 0.00390625 0.00703125
0 0.478125 0.8375 0.00546875 0.0078125
0 0.5078125 0.87421875 0.00546875 0.00703125
0 0.51875 0.81328125 0.00390625 0.00625
0 0.54140625 0.7078125 0.00390625 0.00390625
0 0.63828125 0.70703125 0.00546875 0.0078125
0 0.6109375 0.6296875 0.00390625 0.00625
0 0.88828125 0.97421875 0.00546875 0.0078125
0 0.7 0.1546875 0.00625 0.01015625
0 0.94375 0.225 0.009375 0.00859375
0 0.9046875 0.32578125 0.0046875 0.0078125
0 0.278125 0.7453125 0.0046875 0.00703125
0 0.27578125 0.64140625 0.0046875 0.00546875
0 0.2921875 0.6140625 0.00234375 0.00390625
0 0.11015625 0.5859375 0.00546875 0.00859375
0 0.0609375 0.40234375 0.00625 0.00859375
0 0.53984375 0.71171875 0.00390625 0.0046875
0 0.4578125 0.83984375 0.00546875 0.0078125
0 0.33203125 0.40390625 0.00234375 0.00625
0 0.56640625 0.4265625 0.0046875 0.00859375
0 0.15078125 0.18046875 0.0046875 0.00703125
0 0.6125 0.509375 0.00390625 0.00625
0 0.06328125 0.45234375 0.0046875 0.009375
0 0.05078125 0.5125 0.00390625 0.00703125
0 0.596875 0.2234375 0.00703125 0.009375
0 0.734375 0.36171875 0.0046875 0.00546875
0 0.20703125 0.08984375 0.0046875 0.00546875