0 0.20546875 0.49765625 0.00390625 0.00625
0 0.16796875 0.584375 0.003125 0.00546875
0 0.2671875 0.4109375 0.0015625 0.00546875
0 0.278125 0.478125 0.00390625 0.00546875
0 0.3328125 0.465625 0.00390625 0.00703125
0 0.375 0.51171875 0.00390625 0.0046875
0 0.29296875 0.54609375 0.0046875 0.00625
0 0.28046875 0.575 0.00390625 0.00703125
0 0.29296875 0.60234375 0.003125 0.00546875
0 0.346875 0.621875 0.0046875 0.0078125
0 0.44296875 0.571875 0.00546875 0.00859375
0 0.43203125 0.66328125 0.00546875 0.01015625
0 0.43515625 0.7234375 0.00390625 0.00625
0 0.4828125 0.690625 0.00390625 0.00546875
0 0.46953125 0.81953125 0.0046875 0.00625
0 0.4875 0.82421875 0.0046875 0.0046875
0 0.5390625 0.746875 0.00390625 0.00625
0 0.58125 0.90546875 0.0046875 0.0046875
0 0.49921875 0.90546875 0.0046875 0.00546875
0 0.43828125 0.98203125 0.01015625 0.01640625
0 0.5203125 0.49609375 0.0046875 0.0046875
0 0.409375 0.3859375 0.00390625 0.00390625
0 0.39140625 0.6125 0.0046875 0.00546875
0 0.6890625 0.4828125 0.00546875 0.00625
0 0.74140625 0.64609375 0.003125 0.00390625
0 0.1984375 0.28828125 0.003125 0.00546875
2 0.09765625 0.23203125 0.025 0.03359375
1 0.2984375 0.8 0.028125 0.03828125
0 0.10625 0.725 0.00390625 0.00625
0 0.26953125 0.52578125 0.003125 0.0046875
0 0.178125 0.13671875 0.00546875 0.0125
0 0.346875 0.65390625 0.00390625 0.00546875
0 0.4484375 0.778125 0.003125 0.0046875
0 0.59296875 0.16640625 0.0015625 0.00390625