0 0.2 0.4796875 0.0046875 0.00625
0 0.1578125 0.56484375 0.003125 0.00625
0 0.26796875 0.3953125 0.0015625 0.00625
0 0.275 0.4640625 0.0046875 0.00625
0 0.33046875 0.4546875 0.0046875 0.0078125
0 0.37109375 0.503125 0.0046875 0.0046875
0 0.28515625 0.53359375 0.0046875 0.00625
0 0.271875 0.5625 0.0046875 0.0078125
0 0.28359375 0.590625 0.003125 0.00625
0 0.3359375 0.61328125 0.0046875 0.0078125
0 0.43515625 0.56796875 0.00625 0.009375
0 0.4203125 0.659375 0.00625 0.0109375
0 0.4203125 0.7203125 0.0046875 0.00625
0 0.4703125 0.6890625 0.0046875 0.00625
0 0.44921875 0.81953125 0.0046875 0.00625
0 0.4671875 0.82421875 0.0046875 0.0046875
0 0.5234375 0.74921875 0.0046875 0.00625
0 0.5578125 0.91171875 0.0046875 0.0046875
0 0.475 0.9078125 0.0046875 0.00625
0 0.41015625 0.98203125 0.0125 0.0171875
0 0.51796875 0.49453125 0.0046875 0.0046875
0 0.41171875 0.37734375 0.0046875 0.0046875
0 0.38203125 0.60546875 0.0046875 0.00625
0 0.6890625 0.490625 0.00625 0.00625
0 0.73359375 0.6578125 0.003125 0.0046875
0 0.20390625 0.26796875 0.003125 0.00625
2 0.10546875 0.20625 0.028125 0.034375
1 0.278125 0.790625 0.03125 0.040625
0 0.08828125 0.7046875 0.0046875 0.00625
0 0.26328125 0.51171875 0.003125 0.0046875
0 0.19140625 0.1140625 0.00625 0.0125
0 0.33515625 0.6453125 0.0046875 0.00625
0 0.43046875 0.7765625 0.0046875 0.0046875
0 0.60859375 0.165625 0.0015625 0.0046875