0 0.8 0.51171875 0.0046875 0.00625
0 0.83515625 0.60234375 0.003125 0.00625
0 0.7390625 0.42109375 0.0015625 0.00625
0 0.72578125 0.48984375 0.0046875 0.00625
0 0.6703125 0.475 0.0046875 0.0078125
0 0.625 0.52109375 0.0046875 0.0046875
0 0.70859375 0.55859375 0.0046875 0.00625
0 0.71953125 0.5890625 0.0046875 0.0078125
0 0.70546875 0.61640625 0.0046875 0.00625
0 0.65 0.63515625 0.0046875 0.0078125
0 0.553125 0.5796875 0.00625 0.009375
0 0.5609375 0.67421875 0.00625 0.0109375
0 0.55625 0.7359375 0.0046875 0.00625
0 0.5078125 0.70078125 0.0046875 0.00625
0 0.5171875 0.83359375 0.0046875 0.00625
0 0.4984375 0.8375 0.0046875 0.0046875
0 0.4484375 0.75625 0.0046875 0.00625
0 0.39921875 0.91796875 0.00625 0.00625
0 0.48359375 0.92109375 0.00625 0.00625
0 0.54453125 0.9953125 0.0109375 0.009375
0 0.4765625 0.49921875 0.0046875 0.0046875
0 0.59453125 0.38984375 0.0046875 0.0046875
0 0.60546875 0.6234375 0.0046875 0.00625
0 0.30390625 0.4796875 0.00625 0.00625
0 0.24375 0.6453125 0.003125 0.0046875
0 0.81484375 0.296875 0.003125 0.00625
2 0.91953125 0.24375 0.0265625 0.0359375
1 0.69375 0.81953125 0.0296875 0.040625
0 0.89296875 0.74921875 0.0046875 0.0078125
0 0.7328125 0.53828125 0.003125 0.0046875
0 0.83984375 0.1421875 0.00625 0.0125
0 0.64921875 0.66796875 0.0046875 0.00625
0 0.53984375 0.7921875 0.0046875 0.0046875
0 0.4140625 0.15703125 0.0015625 0.0046875