0 0.7375 0.2078125 0.05 0.0484375
0 0.12109375 0.21328125 0.03046875 0.02734375
0 0.39609375 0.66328125 0.0703125 0.07578125
0 0.28359375 0.5 0.02421875 0.02421875
0 0.33359375 0.34765625 0.0546875 0.0421875
0 0.059375 0.634375 0.02109375 0.02421875
0 0.21640625 0.54296875 0.025 0.03203125
0 0.815625 0.29296875 0.02734375 0.0296875
0 0.6078125 0.878125 0.03984375 0.040625
0 0.11328125 0.76953125 0.04609375 0.0375
0 0.30859375 0.371875 0.04296875 0.03359375
0 0.04609375 0.65390625 0.021875 0.02265625