0 0.12890625 0.22265625 0.01484375 0.015625
0 0.08828125 0.0328125 0.0125 0.0140625
0 0.33515625 0.1859375 0.015625 0.02109375
0 0.184375 0.41328125 0.015625 0.015625
0 0.1390625 0.49609375 0.01640625 0.0171875
0 0.18515625 0.575 0.01875 0.01796875
0 0.3875 0.63046875 0.025 0.02109375
0 0.496875 0.32109375 0.02109375 0.0171875
0 0.75390625 0.48984375 0.03125 0.0234375
0 0.715625 0.746875 0.01875 0.0296875
0 0.7296875 0.91171875 0.0140625 0.0171875
0 0.9109375 0.821875 0.01796875 0.015625
0 0.55859375 0.6015625 0.01328125 0.01328125
0 0.39375 0.72109375 0.02109375 0.01640625