0 0.09609375 0.18515625 0.0171875 0.01875
0 0.32265625 0.165625 0.01875 0.0234375
0 0.1375 0.39765625 0.01875 0.01875
0 0.08046875 0.484375 0.0203125 0.0203125
0 0.1234375 0.57421875 0.021875 0.021875
0 0.33828125 0.65390625 0.0296875 0.025
0 0.4859375 0.32734375 0.025 0.0203125
0 0.7484375 0.53515625 0.0359375 0.028125
0 0.6828125 0.8125 0.0234375 0.034375
0 0.68203125 0.99140625 0.0171875 0.0171875
0 0.8875 0.9125 0.0203125 0.01875
0 0.5265625 0.6390625 0.015625 0.015625
0 0.3359375 0.753125 0.0234375 0.0203125