0 0.05625 0.22421875 0.0171875 0.01875
0 0.27734375 0.16796875 0.01875 0.0234375
0 0.13046875 0.42734375 0.01875 0.01875
0 0.08828125 0.52109375 0.01875 0.0203125
0 0.14375 0.603125 0.021875 0.0203125
0 0.36875 0.6484375 0.0296875 0.025
0 0.46328125 0.303125 0.025 0.0203125
0 0.75625 0.4671875 0.0359375 0.028125
0 0.73359375 0.75078125 0.021875 0.034375
0 0.7609375 0.92890625 0.0171875 0.0203125
0 0.95234375 0.81796875 0.0203125 0.0171875
0 0.5515625 0.6046875 0.015625 0.015625
0 0.38203125 0.74609375 0.0234375 0.01875