0 0.215625 0.00546875 0.0109375 0.0109375
0 0.2671875 0.134375 0.009375 0.009375
0 0.409375 0.18828125 0.009375 0.0125
0 0.3265625 0.53984375 0.00625 0.0125
0 0.44140625 0.35703125 0.0125 0.0171875
0 0.40078125 0.48203125 0.009375 0.0140625
0 0.37109375 0.57265625 0.00625 0.0109375
0 0.38046875 0.65234375 0.0109375 0.0140625
0 0.46328125 0.721875 0.0046875 0.00625
0 0.47265625 0.59765625 0.0046875 0.0078125
0 0.53984375 0.76015625 0.0046875 0.0046875
0 0.64453125 0.78125 0.0109375 0.0125
0 0.5765625 0.22265625 0.0078125 0.009375
0 0.63828125 0.290625 0.00625 0.0109375
0 0.6453125 0.06640625 0.009375 0.0109375
0 0.721875 0.10546875 0.0078125 0.009375
0 0.7609375 0.1140625 0.00625 0.009375
0 0.73359375 0.315625 0.0046875 0.0109375
0 0.725 0.37421875 0.0046875 0.00625
0 0.6609375 0.4765625 0.00625 0.009375
0 0.61953125 0.55078125 0.00625 0.009375
0 0.31328125 0.80078125 0.00625 0.00625
0 0.43359375 0.8609375 0.0078125 0.0078125
0 0.3046875 0.778125 0.00625 0.0046875
0 0.6828125 0.60859375 0.0046875 0.00625