0 0.15859375 0.0640625 0.009375 0.01015625
0 0.2265625 0.18203125 0.0078125 0.0078125
0 0.37265625 0.21484375 0.0078125 0.0109375
0 0.33984375 0.5671875 0.00390625 0.01171875
0 0.4265625 0.3734375 0.01015625 0.01484375
0 0.40390625 0.5015625 0.0078125 0.01328125
0 0.38828125 0.59296875 0.00546875 0.01015625
0 0.40859375 0.66875 0.00859375 0.01328125
0 0.4984375 0.72578125 0.00390625 0.00625
0 0.48984375 0.60390625 0.00390625 0.00703125
0 0.578125 0.75234375 0.0046875 0.0046875
0 0.68203125 0.7578125 0.009375 0.0109375
0 0.53984375 0.22578125 0.00703125 0.00859375
0 0.609375 0.2828125 0.00546875 0.0109375
0 0.5859375 0.06484375 0.0078125 0.009375
0 0.665625 0.09140625 0.00625 0.00859375
0 0.7046875 0.0953125 0.00546875 0.0078125
0 0.70546875 0.29453125 0.00390625 0.009375
0 0.70546875 0.35234375 0.0046875 0.00546875
0 0.65703125 0.4609375 0.0046875 0.00859375
0 0.62734375 0.5375 0.0046875 0.00859375
0 0.98828125 0.3140625 0.003125 0.00703125
0 0.36328125 0.821875 0.0046875 0.00625
0 0.48828125 0.8640625 0.00546875 0.00546875
0 0.3515625 0.8015625 0.00546875 0.0046875
0 0.69609375 0.58515625 0.003125 0.00625