0 0.8546875 0.06171875 0.0109375 0.0109375
0 0.78046875 0.18046875 0.0078125 0.0078125
0 0.63046875 0.209375 0.0078125 0.0109375
0 0.6515625 0.571875 0.0046875 0.0125
0 0.56953125 0.3703125 0.0109375 0.015625
0 0.58828125 0.5015625 0.0078125 0.0140625
0 0.60078125 0.596875 0.00625 0.0109375
0 0.57734375 0.6734375 0.009375 0.0140625
0 0.48359375 0.728125 0.0046875 0.00625
0 0.49609375 0.60390625 0.0046875 0.0078125
0 0.4015625 0.753125 0.0046875 0.0046875
0 0.29375 0.75546875 0.0109375 0.0125
0 0.45859375 0.21484375 0.0078125 0.009375
0 0.3859375 0.27109375 0.00625 0.0109375
0 0.41796875 0.04765625 0.0078125 0.009375
0 0.33515625 0.071875 0.00625 0.009375
0 0.29453125 0.07421875 0.00625 0.009375
0 0.2875 0.27890625 0.0046875 0.0109375
0 0.28515625 0.3375 0.0046875 0.00625
0 0.33125 0.45078125 0.0046875 0.009375
0 0.35859375 0.53125 0.00625 0.009375
0 0.61796875 0.83203125 0.00625 0.00625
0 0.4890625 0.8703125 0.00625 0.00625
0 0.63125 0.8109375 0.00625 0.0046875
0 0.2859375 0.578125 0.0046875 0.00625