0 0.12734375 0.25234375 0.04921875 0.046875
0 0.428125 0.1609375 0.0359375 0.03828125
0 0.63125 0.1421875 0.03359375 0.03203125
0 0.521875 0.25234375 0.0296875 0.03125
0 0.0953125 0.66796875 0.028125 0.03046875
0 0.3859375 0.93515625 0.05078125 0.05546875
0 0.3265625 0.72265625 0.025 0.0234375
0 0.31875 0.615625 0.02890625 0.03671875
0 0.54609375 0.70390625 0.04375 0.0453125
0 0.640625 0.67265625 0.03984375 0.04453125
0 0.48125 0.38984375 0.02265625 0.02578125
0 0.53671875 0.4015625 0.0375 0.0375
0 0.565625 0.35625 0.03359375 0.03984375
0 0.64765625 0.3609375 0.0234375 0.0265625
0 0.6484375 0.46328125 0.0453125 0.04296875
0 0.83828125 0.24140625 0.02890625 0.040625
0 0.846875 0.33984375 0.0421875 0.0453125
0 0.83203125 0.428125 0.03671875 0.03984375
0 0.8453125 0.5203125 0.0203125 0.0203125
0 0.86875 0.56953125 0.0203125 0.02109375
0 0.9015625 0.91328125 0.02578125 0.028125
0 0.24296875 0.86875 0.02421875 0.028125
0 0.215625 0.32578125 0.04765625 0.05
0 0.52265625 0.57890625 0.03515625 0.03671875
0 0.534375 0.4953125 0.04375 0.0421875
0 0.54609375 0.10625 0.02890625 0.0265625
0 0.64140625 0.06875 0.01796875 0.01953125