0 0.90234375 0.29375 0.0546875 0.053125
0 0.60625 0.16875 0.040625 0.0421875
0 0.4015625 0.128125 0.0375 0.0359375
0 0.50078125 0.25234375 0.034375 0.034375
0 0.890625 0.72265625 0.03125 0.034375
0 0.565625 0.96328125 0.0578125 0.0625
0 0.65 0.753125 0.028125 0.0265625
0 0.66953125 0.6453125 0.0328125 0.040625
0 0.428125 0.7109375 0.0484375 0.0515625
0 0.33515625 0.66875 0.0453125 0.05
0 0.52734375 0.39765625 0.0265625 0.028125
0 0.4703125 0.403125 0.0421875 0.0421875
0 0.4453125 0.35390625 0.0390625 0.04375
0 0.36171875 0.34921875 0.0265625 0.0296875
0 0.34921875 0.45390625 0.05 0.0484375
0 0.1796875 0.20703125 0.034375 0.04375
0 0.1609375 0.30625 0.046875 0.0515625
0 0.16640625 0.39921875 0.0421875 0.04375
0 0.14296875 0.490625 0.021875 0.0234375
0 0.1140625 0.5390625 0.0234375 0.0234375
0 0.04375 0.88671875 0.0296875 0.03125
0 0.71953125 0.9109375 0.028125 0.03125
0 0.8046875 0.36015625 0.053125 0.05625
0 0.46484375 0.58515625 0.0390625 0.040625
0 0.4625 0.49921875 0.0484375 0.0484375
0 0.49140625 0.10078125 0.0328125 0.0296875
0 0.39921875 0.05234375 0.0203125 0.021875