0 0.84765625 0.2125 0.05625 0.0546875
0 0.521875 0.15 0.0421875 0.04375
0 0.30703125 0.15234375 0.0390625 0.0375
0 0.43359375 0.25703125 0.034375 0.0359375
0 0.92734375 0.64765625 0.0328125 0.0359375
0 0.65546875 0.95625 0.0609375 0.0640625
0 0.690625 0.7296875 0.0296875 0.028125
0 0.6875 0.6171875 0.034375 0.040625
0 0.45859375 0.734375 0.0515625 0.053125
0 0.35546875 0.7125 0.0453125 0.0515625
0 0.49140625 0.396875 0.0265625 0.0296875
0 0.43515625 0.415625 0.04375 0.04375
0 0.4 0.3703125 0.0390625 0.0453125
0 0.3140625 0.384375 0.028125 0.03125
0 0.32421875 0.4921875 0.0515625 0.05
0 0.10078125 0.28046875 0.034375 0.0453125
0 0.103125 0.384375 0.05 0.053125
0 0.128125 0.4765625 0.0421875 0.0453125
0 0.1234375 0.57421875 0.0234375 0.0234375
0 0.1046875 0.62890625 0.0234375 0.025
0 0.10859375 0.9890625 0.0296875 0.021875
0 0.79453125 0.87421875 0.028125 0.0328125
0 0.7625 0.3 0.0546875 0.0578125
0 0.46875 0.60078125 0.040625 0.0421875
0 0.44765625 0.5140625 0.05 0.0484375
0 0.39140625 0.10546875 0.0328125 0.03125
0 0.28828125 0.0765625 0.0203125 0.021875