0 0.91640625 0.01875 0.021875 0.0234375
0 0.540625 0.0328125 0.01875 0.0203125
0 0.525 0.1109375 0.0171875 0.021875
0 0.73359375 0.45390625 0.0203125 0.025
0 0.92890625 0.43671875 0.015625 0.021875
0 0.5734375 0.56015625 0.0203125 0.028125
0 0.59140625 0.61484375 0.0203125 0.028125
0 0.56171875 0.66640625 0.0109375 0.021875
0 0.3546875 0.390625 0.0375 0.0484375
0 0.3296875 0.73125 0.0265625 0.0359375
0 0.41796875 0.9859375 0.0234375 0.0265625
0 0.30234375 0.071875 0.0125 0.0171875
0 0.1625 0.02109375 0.03125 0.0203125