0 0.0703125 0.03671875 0.02109375 0.02265625
0 0.4390625 0.0375 0.01796875 0.01875
0 0.45703125 0.1125 0.01640625 0.02109375
0 0.2640625 0.45390625 0.01796875 0.0234375
0 0.07265625 0.44375 0.01484375 0.02109375
0 0.425 0.5515625 0.01796875 0.0265625
0 0.409375 0.60546875 0.01875 0.02734375
0 0.43984375 0.65546875 0.0109375 0.0203125
0 0.63359375 0.3796875 0.03515625 0.04609375
0 0.66953125 0.71015625 0.025 0.034375
0 0.5921875 0.9609375 0.021875 0.025
0 0.67421875 0.06640625 0.0109375 0.01640625
0 0.8109375 0.01171875 0.03046875 0.021875