0 0.8046875 0.53359375 0.040625 0.046875
0 0.821875 0.40859375 0.028125 0.03125
0 0.92890625 0.29375 0.025 0.025
0 0.9921875 0.23203125 0.0125 0.01875
0 0.8765625 0.25078125 0.015625 0.0171875
0 0.73671875 0.1703125 0.021875 0.0265625
0 0.709375 0.29921875 0.0203125 0.0265625
0 0.790625 0.10859375 0.0140625 0.01875
0 0.6921875 0.07734375 0.0171875 0.021875
0 0.6734375 0.24609375 0.0140625 0.01875
0 0.63359375 0.1703125 0.0375 0.059375
0 0.5796875 0.11796875 0.015625 0.021875
0 0.4515625 0.1515625 0.0234375 0.034375
0 0.46875 0.0328125 0.0125 0.01875
0 0.309375 0.0078125 0.021875 0.015625
0 0.2125 0.1296875 0.0171875 0.015625
0 0.12109375 0.1671875 0.0296875 0.028125
0 0.221875 0.23125 0.025 0.0296875
0 0.14609375 0.28828125 0.0234375 0.025
0 0.0671875 0.3015625 0.025 0.0328125
0 0.19765625 0.38984375 0.0359375 0.0484375
0 0.33828125 0.134375 0.0140625 0.0171875
0 0.57890625 0.27265625 0.0171875 0.021875
0 0.40078125 0.38671875 0.028125 0.0296875
0 0.3453125 0.38984375 0.025 0.03125
0 0.36875 0.50859375 0.01875 0.0171875
0 0.31015625 0.496875 0.0171875 0.01875
0 0.93125 0.4953125 0.0140625 0.0203125
0 0.89765625 0.70625 0.028125 0.034375
0 0.88359375 0.8296875 0.01875 0.025
0 0.8875 0.98671875 0.021875 0.025
0 0.765625 0.9390625 0.025 0.025
0 0.803125 0.79140625 0.01875 0.0171875
0 0.73671875 0.78359375 0.0125 0.01875
0 0.7109375 0.59921875 0.0171875 0.021875
0 0.62421875 0.490625 0.0171875 0.021875
0 0.6265625 0.83984375 0.015625 0.0265625
0 0.54453125 0.8359375 0.028125 0.028125
0 0.5453125 0.98203125 0.015625 0.01875
0 0.596875 0.7390625 0.01875 0.0203125
0 0.521875 0.63671875 0.021875 0.0203125
0 0.79296875 0.66640625 0.0203125 0.021875
0 0.47734375 0.72890625 0.0140625 0.0171875
0 0.8625 0.565625 0.015625 0.01875
0 0.525 0.29765625 0.015625 0.0203125
0 0.38828125 0.275 0.0171875 0.028125
0 0.37421875 0.2859375 0.015625 0.0296875
0 0.43984375 0.25390625 0.0140625 0.015625
0 0.46796875 0.328125 0.015625 0.0171875