0 0.23359375 0.5375 0.03671875 0.04296875
0 0.22109375 0.42109375 0.025 0.02734375
0 0.12578125 0.309375 0.02265625 0.02265625
0 0.0671875 0.25 0.01171875 0.01796875
0 0.175 0.27109375 0.0140625 0.01640625
0 0.309375 0.20078125 0.01953125 0.02421875
0 0.33046875 0.321875 0.0171875 0.02421875
0 0.2609375 0.14140625 0.0125 0.0171875
0 0.353125 0.115625 0.01640625 0.01953125
0 0.365625 0.2734375 0.01328125 0.0171875
0 0.40546875 0.20390625 0.0328125 0.05390625
0 0.45703125 0.15703125 0.0140625 0.01953125
0 0.5765625 0.1921875 0.021875 0.03203125
0 0.5640625 0.08125 0.0109375 0.01796875
0 0.7171875 0.0578125 0.02265625 0.0265625
0 0.80078125 0.1796875 0.015625 0.0140625
0 0.8859375 0.21796875 0.02734375 0.025
0 0.7890625 0.275 0.02265625 0.0265625
0 0.8578125 0.3296875 0.0203125 0.0234375
0 0.93203125 0.3453125 0.02265625 0.02890625
0 0.80625 0.4234375 0.03203125 0.04453125
0 0.6828125 0.18046875 0.0125 0.01640625
0 0.453125 0.3015625 0.01484375 0.01953125
0 0.61640625 0.4140625 0.02578125 0.02578125
0 0.66875 0.41875 0.021875 0.02890625
0 0.64296875 0.52890625 0.0171875 0.015625
0 0.69765625 0.51953125 0.015625 0.0171875
0 0.11640625 0.49765625 0.0125 0.01796875
0 0.025 0.709375 0.01796875 0.01875
0 0.0234375 0.80625 0.0140625 0.01953125
0 0.140625 0.69609375 0.02578125 0.03125
0 0.15 0.81171875 0.0171875 0.0234375
0 0.14140625 0.9578125 0.01953125 0.02265625
0 0.25703125 0.91796875 0.02265625 0.021875
0 0.2265625 0.77890625 0.0171875 0.01640625
0 0.2890625 0.7734375 0.01171875 0.0171875
0 0.31875 0.603125 0.015625 0.0203125
0 0.40390625 0.503125 0.015625 0.0203125
0 0.38984375 0.8296875 0.01328125 0.02421875
0 0.4671875 0.82890625 0.025 0.025
0 0.46171875 0.965625 0.01484375 0.01796875
0 0.42109375 0.7359375 0.0171875 0.01796875
0 0.4953125 0.64296875 0.0203125 0.01953125
0 0.240625 0.6625 0.01875 0.0203125
0 0.53359375 0.73046875 0.0125 0.015625
0 0.178125 0.565625 0.01484375 0.0171875
0 0.50234375 0.3265625 0.01328125 0.01875
0 0.63203125 0.309375 0.01484375 0.0265625
0 0.64375 0.3203125 0.0140625 0.028125
0 0.584375 0.28828125 0.01328125 0.0140625
0 0.55546875 0.35703125 0.0140625 0.015625