0 0.23671875 0.5828125 0.04375 0.0484375
0 0.21015625 0.46484375 0.0296875 0.03125
0 0.09765625 0.36171875 0.0265625 0.0265625
0 0.03046875 0.3078125 0.0140625 0.0203125
0 0.14296875 0.31640625 0.0171875 0.01875
0 0.271875 0.228125 0.0234375 0.0265625
0 0.309375 0.34921875 0.0203125 0.0265625
0 0.21484375 0.171875 0.015625 0.01875
0 0.30625 0.13515625 0.0203125 0.021875
0 0.33828125 0.29453125 0.015625 0.01875
0 0.37109375 0.21796875 0.040625 0.059375
0 0.41875 0.1640625 0.0171875 0.021875
0 0.5453125 0.18515625 0.025 0.0359375
0 0.51875 0.07265625 0.0125 0.0203125
0 0.671875 0.03046875 0.0265625 0.03125
0 0.77265625 0.14453125 0.0171875 0.0171875
0 0.86484375 0.17265625 0.03125 0.0296875
0 0.7734375 0.24296875 0.0265625 0.0296875
0 0.85078125 0.290625 0.0234375 0.0265625
0 0.92890625 0.29765625 0.0265625 0.0328125
0 0.809375 0.39375 0.0375 0.0484375
0 0.65234375 0.16015625 0.015625 0.0171875
0 0.43203125 0.31328125 0.01875 0.021875
0 0.6140625 0.4078125 0.0296875 0.0296875
0 0.66796875 0.40625 0.0265625 0.0328125
0 0.65546875 0.52265625 0.01875 0.01875
0 0.71015625 0.50546875 0.01875 0.0203125
0 0.11171875 0.55625 0.0140625 0.0203125
0 0.04453125 0.78515625 0.0203125 0.021875
0 0.05625 0.884375 0.0171875 0.021875
0 0.16171875 0.75625 0.0296875 0.0359375
0 0.1859375 0.875 0.0203125 0.0265625
0 0.30859375 0.96953125 0.0265625 0.025
0 0.26015625 0.83125 0.0203125 0.01875
0 0.32421875 0.8171875 0.0140625 0.01875
0 0.3328125 0.63828125 0.01875 0.0234375
0 0.40703125 0.52578125 0.01875 0.0234375
0 0.434375 0.8625 0.0171875 0.0265625
0 0.5125 0.85234375 0.028125 0.028125
0 0.5234375 0.99140625 0.01875 0.0171875
0 0.4546875 0.76328125 0.01875 0.0203125
0 0.51875 0.65859375 0.021875 0.021875
0 0.259375 0.709375 0.021875 0.021875
0 0.56875 0.74375 0.015625 0.0171875
0 0.1828125 0.61875 0.0171875 0.01875
0 0.48671875 0.3328125 0.015625 0.0203125
0 0.6171875 0.2984375 0.01875 0.0296875
0 0.63046875 0.30859375 0.01875 0.03125
0 0.565625 0.2828125 0.015625 0.0171875
0 0.54453125 0.35703125 0.0171875 0.01875