0 0.078125 0.08828125 0.01640625 0.0234375
0 0.16171875 0.19765625 0.01328125 0.02421875
0 0.2421875 0.18515625 0.0109375 0.01953125
0 0.04921875 0.54921875 0.01015625 0.02265625
0 0.1109375 0.53828125 0.0140625 0.0265625
0 0.18984375 0.42421875 0.01171875 0.01875
0 0.2671875 0.3640625 0.01171875 0.02421875
0 0.32734375 0.2421875 0.01171875 0.01953125
0 0.3859375 0.2265625 0.01328125 0.01640625
0 0.384375 0.3 0.0125 0.01953125
0 0.36640625 0.39296875 0.01171875 0.0203125
0 0.34921875 0.4984375 0.0171875 0.01953125
0 0.29375 0.6265625 0.01796875 0.02734375
0 0.40390625 0.59296875 0.0140625 0.01640625
0 0.25 0.740625 0.01171875 0.0171875
0 0.41171875 0.746875 0.01015625 0.02421875
0 0.3703125 0.84140625 0.025 0.0359375
0 0.60390625 0.6875 0.0234375 0.03125
0 0.64375 0.80234375 0.021875 0.03515625
0 0.7109375 0.7625 0.0234375 0.04140625
0 0.70234375 0.63203125 0.01328125 0.0171875
0 0.74296875 0.70859375 0.009375 0.01953125
0 0.55546875 0.51015625 0.015625 0.01484375
0 0.60078125 0.43046875 0.01796875 0.01875
0 0.70703125 0.50625 0.021875 0.02265625
0 0.55234375 0.2921875 0.0171875 0.01875
0 0.590625 0.06484375 0.01796875 0.01953125
0 0.7 0.23515625 0.02109375 0.0234375
0 0.90078125 0.359375 0.02578125 0.03203125
0 0.90078125 0.60390625 0.0234375 0.02578125
0 0.8578125 0.70078125 0.0140625 0.01796875
0 0.86875 0.04921875 0.01171875 0.02265625
0 0.90703125 0.18046875 0.0109375 0.01875
0 0.80859375 0.0046875 0.0140625 0.009375
0 0.21953125 0.02890625 0.0109375 0.01640625
0 0.946875 0.5765625 0.00859375 0.02265625
0 0.16796875 0.2765625 0.01171875 0.01796875
0 0.303125 0.521875 0.00859375 0.0109375
0 0.103125 0.66875 0.01171875 0.015625
0 0.29140625 0.846875 0.00859375 0.01796875
0 0.66640625 0.55078125 0.0140625 0.01796875
0 0.84140625 0.203125 0.01171875 0.01875
0 0.34296875 0.0421875 0.00703125 0.0125