0 0.9765625 0.08828125 0.01875 0.025
0 0.884375 0.20078125 0.015625 0.0265625
0 0.79921875 0.18515625 0.0125 0.0203125
0 0.990625 0.578125 0.0125 0.0234375
0 0.925 0.5640625 0.015625 0.028125
0 0.8453125 0.43984375 0.0125 0.0203125
0 0.765625 0.3734375 0.0140625 0.0265625
0 0.70625 0.2421875 0.0125 0.0203125
0 0.64453125 0.2234375 0.015625 0.0171875
0 0.64375 0.3015625 0.0140625 0.0203125
0 0.659375 0.40078125 0.0125 0.021875
0 0.6734375 0.51328125 0.01875 0.021875
0 0.72734375 0.65078125 0.0203125 0.0296875
0 0.61171875 0.6109375 0.015625 0.0171875
0 0.7703125 0.7734375 0.0125 0.01875
0 0.5984375 0.775 0.0125 0.0265625
0 0.63828125 0.875 0.028125 0.0390625
0 0.39609375 0.70390625 0.0265625 0.034375
0 0.34921875 0.82421875 0.025 0.0390625
0 0.2796875 0.77890625 0.0265625 0.0453125
0 0.29296875 0.6421875 0.0140625 0.01875
0 0.24765625 0.721875 0.0109375 0.0203125
0 0.453125 0.51796875 0.0171875 0.0171875
0 0.40859375 0.43203125 0.0203125 0.0203125
0 0.29296875 0.5078125 0.0234375 0.025
0 0.46484375 0.28671875 0.01875 0.0203125
0 0.4328125 0.04453125 0.01875 0.0203125
0 0.3109375 0.2203125 0.0234375 0.025
0 0.09296875 0.34609375 0.028125 0.034375
0 0.08359375 0.60390625 0.025 0.028125
0 0.12578125 0.70859375 0.015625 0.01875
0 0.1375 0.0171875 0.0140625 0.025
0 0.0921875 0.15546875 0.0125 0.0203125
0 0.82890625 0.0203125 0.0125 0.0171875
0 0.03515625 0.5734375 0.009375 0.025
0 0.87421875 0.28515625 0.0125 0.0203125
0 0.72109375 0.53984375 0.009375 0.0125
0 0.92890625 0.70234375 0.0125 0.0171875
0 0.721875 0.88515625 0.009375 0.0203125
0 0.334375 0.55703125 0.015625 0.01875
0 0.1609375 0.18203125 0.0125 0.0203125
0 0.696875 0.0296875 0.0078125 0.0140625