0 0.0109375 0.153125 0.0203125 0.0265625
0 0.1125 0.25 0.0171875 0.0265625
0 0.19140625 0.225 0.0140625 0.0203125
0 0.0546875 0.62109375 0.0140625 0.0234375
0 0.11484375 0.60078125 0.01875 0.0296875
0 0.1765625 0.47265625 0.0140625 0.0203125
0 0.2453125 0.4 0.015625 0.0265625
0 0.28671875 0.26796875 0.0140625 0.021875
0 0.34296875 0.24375 0.0171875 0.01875
0 0.353125 0.31796875 0.015625 0.021875
0 0.34921875 0.4140625 0.015625 0.021875
0 0.34921875 0.52265625 0.0203125 0.0234375
0 0.3140625 0.66015625 0.021875 0.0296875
0 0.41953125 0.60859375 0.0171875 0.01875
0 0.2875 0.78125 0.015625 0.0203125
0 0.45234375 0.7625 0.0140625 0.0265625
0 0.425 0.86328125 0.0296875 0.040625
0 0.63515625 0.671875 0.028125 0.034375
0 0.69453125 0.7796875 0.028125 0.0390625
0 0.75546875 0.72890625 0.0296875 0.0453125
0 0.7265625 0.6 0.015625 0.01875
0 0.7796875 0.67109375 0.0125 0.0203125
0 0.559375 0.50078125 0.0171875 0.0171875
0 0.5921875 0.41328125 0.021875 0.021875
0 0.7109375 0.47265625 0.025 0.0265625
0 0.521875 0.28203125 0.0203125 0.021875
0 0.5234375 0.04765625 0.0203125 0.021875
0 0.6609375 0.2015625 0.025 0.0265625
0 0.8828125 0.29453125 0.03125 0.0359375
0 0.921875 0.53984375 0.0265625 0.0296875
0 0.89375 0.64453125 0.0171875 0.0203125
0 0.86015625 0.1140625 0.0140625 0.0203125
0 0.14453125 0.07109375 0.0140625 0.0171875
0 0.9640625 0.50546875 0.0125 0.025
0 0.13203125 0.328125 0.0140625 0.0203125
0 0.30703125 0.55390625 0.0109375 0.0125
0 0.128125 0.73203125 0.0140625 0.0171875
0 0.346875 0.88203125 0.0109375 0.0203125
0 0.67734375 0.52421875 0.0171875 0.0203125
0 0.7984375 0.14765625 0.015625 0.021875
0 0.2703125 0.065625 0.009375 0.0140625