0 0.01875 0.20078125 0.0265625 0.04375
0 0.16328125 0.1171875 0.0359375 0.0328125
0 0.01015625 0.41796875 0.0171875 0.0375
0 0.43046875 0.275 0.03125 0.0453125
0 0.575 0.4515625 0.028125 0.0375
0 0.515625 0.51171875 0.025 0.0328125
0 0.4921875 0.59921875 0.03125 0.0375
0 0.91953125 0.53984375 0.034375 0.04375
0 0.70390625 0.5515625 0.0234375 0.028125
0 0.78984375 0.6453125 0.0265625 0.0328125
0 0.73515625 0.64921875 0.028125 0.0328125
0 0.62421875 0.8046875 0.0265625 0.0359375
0 0.659375 0.2578125 0.0171875 0.021875
0 0.67421875 0.28828125 0.0203125 0.025
0 0.72265625 0.26328125 0.015625 0.015625
0 0.68359375 0.33671875 0.0203125 0.0234375