0 0.04765625 0.21796875 0.034375 0.04296875
0 0.18828125 0.13359375 0.034375 0.03125
0 0.034375 0.42890625 0.04765625 0.03828125
0 0.44453125 0.28046875 0.0296875 0.0421875
0 0.58515625 0.446875 0.0265625 0.0359375
0 0.5296875 0.50625 0.02421875 0.03125
0 0.509375 0.58984375 0.0296875 0.0359375
0 0.915625 0.5265625 0.03203125 0.04140625
0 0.71015625 0.540625 0.02109375 0.02578125
0 0.79375 0.6296875 0.02421875 0.03046875
0 0.74140625 0.634375 0.02578125 0.03125
0 0.63828125 0.784375 0.025 0.034375
0 0.66328125 0.26015625 0.015625 0.0203125
0 0.67734375 0.2890625 0.01875 0.02421875
0 0.7234375 0.2640625 0.01484375 0.01484375
0 0.68671875 0.33515625 0.01796875 0.021875