0 0.05390625 0.17421875 0.0390625 0.046875
0 0.20546875 0.09609375 0.0375 0.034375
0 0.02578125 0.38828125 0.0421875 0.040625
0 0.4609375 0.26796875 0.034375 0.046875
0 0.59453125 0.45078125 0.0296875 0.0390625
0 0.53203125 0.50859375 0.0265625 0.034375
0 0.50546875 0.59453125 0.0328125 0.0390625
0 0.93125 0.55859375 0.0359375 0.0453125
0 0.7171875 0.5578125 0.025 0.028125
0 0.796875 0.65625 0.028125 0.034375
0 0.74296875 0.65703125 0.0296875 0.034375
0 0.625 0.80625 0.028125 0.0375
0 0.6890625 0.2625 0.0171875 0.021875
0 0.70078125 0.29375 0.021875 0.0265625
0 0.75078125 0.271875 0.0171875 0.0171875
0 0.70859375 0.3421875 0.0203125 0.0234375