0 0.33984375 0.0875 0.025 0.0359375
0 0.25625 0.1515625 0.021875 0.04375
0 0.1171875 0.33671875 0.021875 0.0390625
0 0.1796875 0.43046875 0.0234375 0.03125
0 0.20859375 0.3359375 0.009375 0.0109375
0 0.21015625 0.09921875 0.00625 0.009375
0 0.1546875 0.2265625 0.0046875 0.009375
0 0.27890625 0.43828125 0.021875 0.0359375
0 0.31015625 0.85390625 0.0265625 0.0421875
0 0.08125 0.79921875 0.0140625 0.021875
0 0.1046875 0.66953125 0.0046875 0.0078125
0 0.2796875 0.7953125 0.0078125 0.0078125
0 0.26015625 0.590625 0.003125 0.0078125
0 0.28359375 0.6125 0.0046875 0.0078125
0 0.23046875 0.3921875 0.00625 0.0125
0 0.43828125 0.01171875 0.0109375 0.0171875
0 0.60078125 0.04921875 0.0234375 0.0375
0 0.3296875 0.2953125 0.0046875 0.00625
0 0.32421875 0.34765625 0.00625 0.0078125
0 0.31328125 0.51796875 0.0046875 0.0078125
0 0.325 0.54765625 0.00625 0.009375
0 0.11484375 0.896875 0.0078125 0.0109375
0 0.04453125 0.8921875 0.00625 0.00625
0 0.38125 0.8734375 0.0140625 0.021875
0 0.36328125 0.915625 0.0078125 0.0109375
0 0.35546875 0.9765625 0.0078125 0.0109375
0 0.42421875 0.89453125 0.0046875 0.0125
0 0.3421875 0.80234375 0.00625 0.00625
0 0.43046875 0.74765625 0.00625 0.009375
0 0.39609375 0.7390625 0.00625 0.009375
0 0.4015625 0.66953125 0.0046875 0.00625
0 0.4671875 0.82421875 0.003125 0.0046875
0 0.45859375 0.51015625 0.028125 0.0390625
0 0.490625 0.315625 0.0125 0.0171875
0 0.45546875 0.2734375 0.0046875 0.0078125
0 0.5203125 0.41640625 0.0046875 0.0078125
0 0.3828125 0.38671875 0.0078125 0.0109375
0 0.5546875 0.49375 0.00625 0.0078125
0 0.56328125 0.4609375 0.009375 0.0140625
0 0.5203125 0.4765625 0.003125 0.0046875
0 0.6046875 0.63828125 0.0109375 0.01875
0 0.709375 0.5140625 0.03125 0.0453125
0 0.63671875 0.484375 0.00625 0.009375
0 0.6421875 0.3796875 0.0046875 0.00625
0 0.4515625 0.21875 0.00625 0.009375
0 0.671875 0.05390625 0.0046875 0.00625
0 0.7078125 0.075 0.0046875 0.0078125
0 0.66328125 0.8421875 0.028125 0.046875
0 0.71640625 0.9859375 0.0265625 0.028125
0 0.69921875 0.625 0.00625 0.0078125
0 0.7828125 0.28671875 0.0078125 0.0109375
0 0.7828125 0.3796875 0.0125 0.0203125
0 0.765625 0.215625 0.0046875 0.0046875
0 0.9640625 0.2421875 0.0046875 0.0078125
0 0.90390625 0.69609375 0.0078125 0.009375
0 0.8109375 0.85546875 0.009375 0.0140625
0 0.72109375 0.89140625 0.0171875 0.0265625
0 0.86328125 0.63984375 0.003125 0.00625
0 0.84296875 0.35625 0.028125 0.04375
0 0.88203125 0.13046875 0.003125 0.00625
0 0.378125 0.3 0.0046875 0.009375
0 0.8921875 0.2359375 0.015625 0.0203125
0 0.90546875 0.47265625 0.009375 0.0125
0 0.56953125 0.11640625 0.0078125 0.0125
0 0.37734375 0.51875 0.0078125 0.009375
0 0.390625 0.03515625 0.0046875 0.009375
0 0.33359375 0.0234375 0.00625 0.0078125
0 0.1515625 0.1453125 0.009375 0.015625
0 0.1484375 0.31328125 0.0078125 0.0125
0 0.15703125 0.5484375 0.003125 0.0046875
0 0.0296875 0.85390625 0.003125 0.009375
0 0.1609375 0.365625 0.003125 0.0078125
0 0.2421875 0.48046875 0.003125 0.0046875
0 0.271875 0.51015625 0.0078125 0.0078125
0 0.2546875 0.5453125 0.0046875 0.00625
0 0.31171875 0.5203125 0.003125 0.0046875
0 0.25859375 0.58515625 0.003125 0.0078125
0 0.22265625 0.7375 0.0078125 0.0125
0 0.275 0.89921875 0.0046875 0.0078125
0 0.36484375 0.84921875 0.0046875 0.0078125
0 0.41875 0.89453125 0.0046875 0.009375
0 0.6609375 0.75078125 0.0046875 0.0078125
0 0.5375 0.61171875 0.009375 0.0140625
0 0.50390625 0.55390625 0.00625 0.009375
0 0.47109375 0.5921875 0.0046875 0.0046875
0 0.5125 0.5078125 0.0046875 0.00625
0 0.328125 0.29296875 0.003125 0.00625
0 0.334375 0.140625 0.00625 0.0078125
0 0.309375 0.1640625 0.0046875 0.009375
0 0.303125 0.21171875 0.003125 0.009375
0 0.275 0.26015625 0.0046875 0.00625
0 0.353125 0.315625 0.003125 0.0046875
0 0.36484375 0.40078125 0.0046875 0.0046875
0 0.41171875 0.4109375 0.00625 0.0078125
0 0.43046875 0.3703125 0.0046875 0.00625
0 0.525 0.3328125 0.0046875 0.0078125
0 0.54765625 0.25703125 0.0046875 0.0078125
0 0.5453125 0.13203125 0.0046875 0.0078125
0 0.5921875 0.10078125 0.00625 0.00625
0 0.6375 0.159375 0.00625 0.0078125
0 0.70859375 0.02734375 0.003125 0.00625
0 0.778125 0.12578125 0.0046875 0.0078125
0 0.7515625 0.48828125 0.0046875 0.0046875
0 0.77421875 0.3296875 0.00625 0.0078125
0 0.81875 0.23828125 0.0046875 0.00625
0 0.76015625 0.18359375 0.003125 0.0046875
0 0.8828125 0.39609375 0.00625 0.0078125
0 0.86328125 0.5109375 0.00625 0.0078125
0 0.81171875 0.553125 0.003125 0.00625
0 0.7921875 0.54375 0.003125 0.0046875
0 0.9625 0.234375 0.003125 0.00625
0 0.96015625 0.2390625 0.0046875 0.0046875
0 0.8796875 0.23359375 0.0046875 0.0046875
0 0.8578125 0.590625 0.00625 0.0078125
0 0.78828125 0.46328125 0.003125 0.0046875
0 0.76328125 0.60703125 0.0046875 0.0046875
0 0.26796875 0.6921875 0.0046875 0.00625
0 0.04453125 0.36953125 0.003125 0.00625
0 0.70546875 0.7703125 0.00625 0.00625
0 0.72734375 0.42265625 0.0046875 0.0046875
0 0.36015625 0.7140625 0.0140625 0.021875
0 0.653125 0.3515625 0.00625 0.0078125
0 0.32265625 0.5890625 0.0046875 0.00625
0 0.23203125 0.55703125 0.0046875 0.0078125
0 0.89375 0.4859375 0.0265625 0.0328125
0 0.7359375 0.3359375 0.015625 0.028125
0 0.71796875 0.28359375 0.003125 0.0046875
0 0.79375 0.22578125 0.003125 0.00625
0 0.6421875 0.79609375 0.0109375 0.0171875
0 0.63359375 0.80625 0.003125 0.0078125
0 0.62734375 0.75859375 0.0046875 0.00625
0 0.61640625 0.73046875 0.0078125 0.009375
0 0.71484375 0.6578125 0.0046875 0.00625
0 0.46484375 0.6234375 0.0078125 0.0078125
0 0.53828125 0.57265625 0.0078125 0.009375
0 0.540625 0.49921875 0.00625 0.0078125
0 0.28671875 0.56875 0.0078125 0.0125
0 0.25390625 0.3984375 0.0078125 0.0109375
0 0.23671875 0.10703125 0.0046875 0.0078125
0 0.4515625 0.0453125 0.003125 0.0046875
0 0.4265625 0.0625 0.0046875 0.0046875
0 0.38359375 0.06484375 0.0046875 0.009375
0 0.371875 0.0015625 0.00625 0.003125
0 0.57265625 0.0421875 0.0078125 0.015625
0 0.44140625 0.421875 0.0109375 0.0171875
0 0.45078125 0.42109375 0.00625 0.009375
0 0.4546875 0.3984375 0.0046875 0.0046875
0 0.2203125 0.60546875 0.0265625 0.0375
0 0.16875 0.67265625 0.0234375 0.03125
0 0.74921875 0.67578125 0.01875 0.0359375
0 0.83046875 0.6703125 0.00625 0.009375
0 0.8890625 0.59609375 0.0046875 0.0046875
0 0.93984375 0.6921875 0.0234375 0.0375
0 0.62578125 0.1703125 0.0265625 0.0390625
0 0.67578125 0.2 0.00625 0.0078125
0 0.546875 0.7765625 0.0125 0.0296875