0 0.290625 0.13984375 0.01875 0.03125
0 0.22265625 0.21015625 0.01484375 0.03828125
0 0.11875 0.396875 0.015625 0.03359375
0 0.1875 0.475 0.01796875 0.0265625
0 0.2015625 0.38515625 0.0078125 0.00859375
0 0.17265625 0.1671875 0.00546875 0.009375
0 0.13828125 0.29140625 0.003125 0.0078125
0 0.2796875 0.46875 0.01640625 0.03125
0 0.36171875 0.84609375 0.0203125 0.0359375
0 0.1453125 0.825 0.01015625 0.01953125
0 0.14921875 0.703125 0.003125 0.00703125
0 0.3265625 0.79609375 0.00546875 0.00625
0 0.28203125 0.6109375 0.00234375 0.00703125
0 0.30625 0.628125 0.00390625 0.00625
0 0.22890625 0.4328125 0.00390625 0.0109375
0 0.37109375 0.0578125 0.0078125 0.01484375
0 0.525 0.07109375 0.01796875 0.03203125
0 0.3078125 0.33125 0.003125 0.00546875
0 0.309375 0.3796875 0.00546875 0.00625
0 0.321875 0.53828125 0.00234375 0.00703125
0 0.33671875 0.5640625 0.0046875 0.0078125
0 0.18828125 0.9109375 0.00625 0.00859375
0 0.04375 0.97109375 0.00703125 0.015625
0 0.1234375 0.91484375 0.0046875 0.00625
0 0.4296875 0.85546875 0.0109375 0.01875
0 0.41875 0.8953125 0.00625 0.009375
0 0.4203125 0.95234375 0.00703125 0.00859375
0 0.4984375 0.96796875 0.00234375 0.00625
0 0.471875 0.86875 0.003125 0.0109375
0 0.38515625 0.79375 0.0046875 0.00625
0 0.459375 0.7328125 0.0046875 0.00859375
0 0.42578125 0.7296875 0.0046875 0.0078125
0 0.421875 0.66484375 0.0046875 0.00546875
0 0.50234375 0.7984375 0.003125 0.00390625
0 0.453125 0.51171875 0.02109375 0.034375
0 0.4578125 0.3296875 0.009375 0.01484375
0 0.4203125 0.29609375 0.00390625 0.00703125
0 0.4984375 0.4171875 0.00390625 0.00625
0 0.36796875 0.4078125 0.00546875 0.009375
0 0.53984375 0.484375 0.00546875 0.00703125
0 0.54296875 0.453125 0.00703125 0.01171875
0 0.50703125 0.4734375 0.00234375 0.00390625
0 0.60390625 0.61015625 0.00703125 0.01640625
0 0.684375 0.48359375 0.0234375 0.0390625
0 0.6140625 0.465625 0.0046875 0.00859375
0 0.60546875 0.36875 0.00390625 0.00546875
0 0.41015625 0.24609375 0.00546875 0.00859375
0 0.58984375 0.06640625 0.003125 0.00625
0 0.6265625 0.08125 0.00390625 0.00703125
0 0.5484375 0.996875 0.00625 0.00546875
0 0.684375 0.78984375 0.0203125 0.04140625
0 0.753125 0.92109375 0.0203125 0.03671875
0 0.68984375 0.58671875 0.0046875 0.00625
0 0.721875 0.26484375 0.00625 0.009375
0 0.734375 0.35078125 0.009375 0.01796875
0 0.69765625 0.20234375 0.00390625 0.0046875
0 0.93125 0.12109375 0.00703125 0.0109375
0 0.8828125 0.2015625 0.003125 0.00625
0 0.95703125 0.36171875 0.00546875 0.0125
0 0.88671875 0.62578125 0.00625 0.00859375
0 0.821875 0.7828125 0.00625 0.01171875
0 0.88359375 0.9390625 0.00390625 0.00625
0 0.74375 0.82734375 0.0125 0.02265625
0 0.8421875 0.57890625 0.00234375 0.0046875
0 0.78671875 0.321875 0.02109375 0.03828125
0 0.79296875 0.11015625 0.00234375 0.0046875
0 0.353125 0.3296875 0.003125 0.00859375
0 0.81640625 0.20390625 0.0109375 0.0171875
0 0.85859375 0.41953125 0.00625 0.0109375
0 0.5046875 0.13671875 0.00625 0.01015625
0 0.38046875 0.53046875 0.00625 0.00703125
0 0.36875 0.0125 0.003125 0.00546875
0 0.33046875 0.0859375 0.003125 0.0078125
0 0.2765625 0.08203125 0.0046875 0.00703125
0 0.1734375 0.00703125 0.00703125 0.01015625
0 0.125 0.21796875 0.00625 0.0125
0 0.14453125 0.371875 0.00625 0.0109375
0 0.18203125 0.58515625 0.00234375 0.00390625
0 0.1046875 0.88203125 0.00234375 0.009375
0 0.0390625 0.96328125 0.003125 0.0125
0 0.16171875 0.41796875 0.00234375 0.00703125
0 0.2515625 0.5125 0.003125 0.00390625
0 0.2828125 0.5359375 0.00625 0.00703125
0 0.27109375 0.5703125 0.00390625 0.00546875
0 0.3203125 0.53984375 0.00234375 0.00390625
0 0.2796875 0.60625 0.00234375 0.00625
0 0.2671875 0.75078125 0.0046875 0.01015625
0 0.3359375 0.8921875 0.00390625 0.00625
0 0.41171875 0.83515625 0.003125 0.00703125
0 0.4671875 0.86953125 0.003125 0.0078125
0 0.43359375 0.9828125 0.0046875 0.00625
0 0.67109375 0.70625 0.00390625 0.00625
0 0.5390625 0.59453125 0.00703125 0.0125
0 0.5015625 0.54609375 0.0046875 0.00859375
0 0.4765625 0.58515625 0.0046875 0.0046875
0 0.50234375 0.503125 0.003125 0.00546875
0 0.30625 0.3296875 0.00234375 0.00546875
0 0.2921875 0.18984375 0.00390625 0.00625
0 0.27265625 0.2140625 0.003125 0.0078125
0 0.27265625 0.25859375 0.00234375 0.0078125
0 0.253125 0.30703125 0.00234375 0.00546875
0 0.33203125 0.346875 0.003125 0.0046875
0 0.35390625 0.4234375 0.00390625 0.0046875
0 0.3984375 0.42734375 0.00390625 0.00703125
0 0.41015625 0.38671875 0.003125 0.00546875
0 0.4921875 0.340625 0.003125 0.0078125
0 0.503125 0.26875 0.003125 0.0078125
0 0.484375 0.15390625 0.003125 0.00625
0 0.5234375 0.11953125 0.00390625 0.00546875
0 0.5734375 0.1671875 0.0046875 0.00703125
0 0.62109375 0.0375 0.00234375 0.00625
0 0.69765625 0.11875 0.00234375 0.00625
0 0.71953125 0.45390625 0.003125 0.0046875
0 0.7203125 0.30625 0.00390625 0.00625
0 0.7484375 0.2171875 0.003125 0.00625
0 0.68828125 0.17421875 0.003125 0.0046875
0 0.82890625 0.35234375 0.00390625 0.00625
0 0.825 0.46015625 0.00546875 0.0078125
0 0.78359375 0.50546875 0.003125 0.0046875
0 0.7640625 0.49921875 0.00234375 0.00390625
0 0.88046875 0.19375 0.003125 0.0046875
0 0.8796875 0.1984375 0.00390625 0.0046875
0 0.8046875 0.2046875 0.003125 0.0046875
0 0.83125 0.534375 0.0046875 0.00625
0 0.75078125 0.4265625 0.003125 0.00390625
0 0.74609375 0.56171875 0.0046875 0.0046875
0 0.6765625 0.97890625 0.00234375 0.00625
0 0.30234375 0.703125 0.00390625 0.00625
0 0.01953125 0.3609375 0.01015625 0.0265625
0 0.05625 0.43671875 0.003125 0.0046875
0 0.7140625 0.71796875 0.00546875 0.0046875
0 0.6890625 0.39765625 0.003125 0.0046875
0 0.38984375 0.7109375 0.01015625 0.01875
0 0.6125 0.34140625 0.00390625 0.00625
0 0.3390625 0.6015625 0.003125 0.00546875
0 0.2515625 0.58359375 0.00390625 0.00625
0 0.85078125 0.43359375 0.0203125 0.028125
0 0.6859375 0.31640625 0.01171875 0.025
0 0.6625 0.27109375 0.00234375 0.00390625
0 0.72421875 0.20859375 0.003125 0.0046875
0 0.65859375 0.75 0.00859375 0.0140625
0 0.653125 0.7609375 0.00234375 0.00625
0 0.640625 0.71796875 0.00390625 0.00546875
0 0.62734375 0.69296875 0.00625 0.00703125
0 0.7078125 0.6140625 0.00390625 0.00546875
0 0.47421875 0.61484375 0.00546875 0.00625
0 0.53515625 0.55859375 0.00625 0.00859375
0 0.52734375 0.49140625 0.00546875 0.00703125
0 0.30390625 0.5875 0.00546875 0.0109375
0 0.2515625 0.43515625 0.00625 0.009375
0 0.1984375 0.17109375 0.00390625 0.00703125
0 0.39296875 0.01796875 0.003125 0.00625
0 0.38828125 0.08671875 0.00234375 0.00390625
0 0.3671875 0.10625 0.00390625 0.0046875
0 0.32734375 0.11328125 0.00390625 0.0078125
0 0.30859375 0.0546875 0.0046875 0.0078125
0 0.4984375 0.06875 0.00546875 0.01484375
0 0.42734375 0.4328125 0.00859375 0.01484375
0 0.4359375 0.43125 0.00390625 0.00859375
0 0.4359375 0.409375 0.0046875 0.0046875
0 0.246875 0.63046875 0.0203125 0.03203125
0 0.209375 0.6984375 0.01796875 0.02734375
0 0.7421875 0.62578125 0.0125 0.03125
0 0.815625 0.61015625 0.00390625 0.0078125
0 0.86015625 0.53515625 0.00390625 0.00390625
0 0.91953125 0.61640625 0.01796875 0.03125
0 0.56328125 0.1796875 0.01953125 0.03359375
0 0.6125 0.19921875 0.0046875 0.0078125
0 0.56953125 0.74453125 0.00859375 0.0265625
0 0.53125 0.98515625 0.0125 0.0296875
0 0.39140625 0.98359375 0.00859375 0.0140625