0 0.75546875 0.16484375 0.0234375 0.034375
0 0.8140625 0.2453125 0.0203125 0.040625
0 0.89140625 0.44765625 0.0203125 0.0359375
0 0.81171875 0.5171875 0.021875 0.028125
0 0.809375 0.4234375 0.009375 0.0109375
0 0.86953125 0.20859375 0.00625 0.009375
0 0.88671875 0.3390625 0.0046875 0.0078125
0 0.71953125 0.49765625 0.0203125 0.034375
0 0.584375 0.865625 0.025 0.0390625
0 0.8046875 0.875 0.0125 0.0203125
0 0.81796875 0.75234375 0.0046875 0.0078125
0 0.6265625 0.82109375 0.00625 0.00625
0 0.696875 0.640625 0.003125 0.0078125
0 0.6703125 0.65390625 0.0046875 0.00625
0 0.77578125 0.46875 0.0046875 0.0109375
0 0.6859375 0.07109375 0.009375 0.015625
0 0.5296875 0.0625 0.0234375 0.034375
0 0.71015625 0.35546875 0.003125 0.00625
0 0.703125 0.40390625 0.00625 0.00625
0 0.6671875 0.56171875 0.003125 0.0078125
0 0.64921875 0.58515625 0.00625 0.0078125
0 0.74921875 0.95546875 0.0078125 0.009375
0 0.81328125 0.96875 0.00625 0.00625
0 0.5140625 0.865625 0.0140625 0.0203125
0 0.51953125 0.9078125 0.0078125 0.0109375
0 0.51015625 0.96484375 0.0078125 0.009375
0 0.428125 0.96953125 0.003125 0.00625
0 0.4703125 0.87265625 0.0046875 0.0109375
0 0.56875 0.81015625 0.00625 0.00625
0 0.50234375 0.7375 0.00625 0.009375
0 0.5359375 0.7390625 0.00625 0.0078125
0 0.5484375 0.675 0.0046875 0.00625
0 0.44921875 0.7984375 0.003125 0.0046875
0 0.5390625 0.515625 0.0265625 0.0375
0 0.5609375 0.3328125 0.0109375 0.015625
0 0.603125 0.303125 0.0046875 0.0078125
0 0.50703125 0.41484375 0.0046875 0.00625
0 0.63984375 0.42421875 0.00625 0.009375
0 0.45625 0.4765625 0.00625 0.0078125
0 0.45703125 0.44453125 0.009375 0.0125
0 0.490625 0.4703125 0.003125 0.0046875
0 0.3734375 0.59453125 0.009375 0.0171875
0 0.3109375 0.45546875 0.0296875 0.0421875
0 0.38359375 0.44765625 0.00625 0.009375
0 0.40546875 0.35 0.0046875 0.00625
0 0.6203125 0.25390625 0.00625 0.009375
0 0.46484375 0.0484375 0.0046875 0.00625
0 0.42578125 0.0578125 0.0046875 0.0078125
0 0.2671875 0.76328125 0.0265625 0.0453125
0 0.17890625 0.8859375 0.025 0.040625
0 0.290625 0.5578125 0.00625 0.00625
0 0.30390625 0.2296875 0.0078125 0.009375
0 0.27890625 0.3140625 0.0125 0.0203125
0 0.3375 0.1703125 0.0046875 0.0046875
0 0.11328125 0.05546875 0.0078125 0.0125
0 0.15078125 0.14296875 0.0046875 0.00625
0 0.05390625 0.29375 0.0078125 0.0125
0 0.0875 0.56875 0.0078125 0.009375
0 0.13046875 0.7375 0.009375 0.0125
0 0.04609375 0.8859375 0.0046875 0.00625
0 0.20234375 0.79375 0.015625 0.025
0 0.13828125 0.52890625 0.003125 0.0046875
0 0.23046875 0.27734375 0.0265625 0.0421875
0 0.2546875 0.06328125 0.003125 0.0046875
0 0.665625 0.346875 0.0046875 0.009375
0 0.2171875 0.1546875 0.0140625 0.01875
0 0.14375 0.36640625 0.0078125 0.0109375
0 0.53984375 0.13125 0.0078125 0.0109375
0 0.609375 0.5453125 0.0078125 0.0078125
0 0.69453125 0.02578125 0.003125 0.00625
0 0.72265625 0.1046875 0.0046875 0.0078125
0 0.778125 0.10859375 0.00625 0.0078125
0 0.91171875 0.26640625 0.009375 0.0140625
0 0.8703125 0.41875 0.0078125 0.0125
0 0.8015625 0.628125 0.003125 0.0046875
0 0.8375 0.93828125 0.003125 0.009375
0 0.84609375 0.4625 0.003125 0.0078125
0 0.74140625 0.54609375 0.003125 0.0046875
0 0.70703125 0.56484375 0.0078125 0.0078125
0 0.71484375 0.60078125 0.0046875 0.00625
0 0.66953125 0.56328125 0.003125 0.0046875
0 0.7 0.6359375 0.003125 0.0078125
0 0.69296875 0.7828125 0.00625 0.0109375
0 0.603125 0.915625 0.0046875 0.0078125
0 0.5359375 0.84765625 0.0046875 0.0078125
0 0.475 0.87421875 0.0046875 0.009375
0 0.4921875 0.99375 0.00625 0.00625
0 0.2921875 0.68125 0.0046875 0.00625
0 0.44140625 0.5875 0.009375 0.0140625
0 0.4859375 0.54453125 0.00625 0.009375
0 0.50546875 0.5875 0.0046875 0.0046875
0 0.490625 0.5 0.003125 0.00625
0 0.71328125 0.35390625 0.003125 0.00625
0 0.746875 0.2140625 0.0046875 0.00625
0 0.7625 0.2421875 0.0046875 0.0078125
0 0.75625 0.28671875 0.003125 0.0078125
0 0.76953125 0.33828125 0.003125 0.00625
0 0.684375 0.3671875 0.003125 0.0046875
0 0.6515625 0.44140625 0.0046875 0.0046875
0 0.60625 0.43828125 0.0046875 0.0078125
0 0.6 0.39609375 0.003125 0.00625
0 0.52421875 0.33828125 0.0046875 0.0078125
0 0.5234375 0.26484375 0.0046875 0.0078125
0 0.55859375 0.15078125 0.0046875 0.00625
0 0.52421875 0.1109375 0.0046875 0.00625
0 0.46796875 0.15234375 0.00625 0.0078125
0 0.4375 0.01484375 0.003125 0.00625
0 0.3484375 0.0859375 0.003125 0.00625
0 0.27890625 0.4203125 0.003125 0.0046875
0 0.3 0.271875 0.0046875 0.00625
0 0.28359375 0.17734375 0.0046875 0.00625
0 0.35078125 0.14296875 0.003125 0.0046875
0 0.18359375 0.30234375 0.00625 0.00625
0 0.1734375 0.4125 0.00625 0.0078125
0 0.2078125 0.46328125 0.003125 0.0046875
0 0.22890625 0.459375 0.003125 0.0046875
0 0.1546875 0.1359375 0.003125 0.0046875
0 0.15546875 0.140625 0.0046875 0.0046875
0 0.22890625 0.15625 0.003125 0.0046875
0 0.15625 0.4859375 0.00625 0.00625
0 0.25234375 0.38828125 0.003125 0.0046875
0 0.23671875 0.52421875 0.0046875 0.0046875
0 0.2484375 0.9546875 0.0046875 0.00625
0 0.6640625 0.73046875 0.0046875 0.00625
0 0.99453125 0.4265625 0.0109375 0.028125
0 0.94921875 0.49609375 0.003125 0.0046875
0 0.24765625 0.68671875 0.00625 0.0046875
0 0.31796875 0.36796875 0.003125 0.0046875
0 0.575 0.72578125 0.0125 0.0203125
0 0.403125 0.32265625 0.00625 0.00625
0 0.64140625 0.62265625 0.0046875 0.00625
0 0.73203125 0.6171875 0.0046875 0.00625
0 0.15078125 0.38046875 0.0234375 0.03125
0 0.3328125 0.28671875 0.015625 0.0265625
0 0.3625 0.24375 0.003125 0.0046875
0 0.309375 0.171875 0.003125 0.0046875
0 0.2984375 0.7265625 0.0109375 0.015625
0 0.303125 0.73828125 0.003125 0.00625
0 0.321875 0.69765625 0.0046875 0.00625
0 0.33828125 0.67421875 0.0078125 0.009375
0 0.26875 0.58359375 0.0046875 0.00625
0 0.503125 0.6171875 0.00625 0.00625
0 0.45078125 0.5515625 0.0078125 0.009375
0 0.4671875 0.48515625 0.00625 0.0078125
0 0.67890625 0.61328125 0.0078125 0.0125
0 0.753125 0.46796875 0.0078125 0.0109375
0 0.84375 0.209375 0.0046875 0.0078125
0 0.66953125 0.02734375 0.0046875 0.00625
0 0.66484375 0.096875 0.003125 0.0046875
0 0.68359375 0.1203125 0.0046875 0.0046875
0 0.721875 0.1328125 0.0046875 0.0078125
0 0.75 0.07578125 0.00625 0.0078125
0 0.55546875 0.0640625 0.0078125 0.015625
0 0.57734375 0.43984375 0.0109375 0.015625
0 0.56875 0.4375 0.00625 0.009375
0 0.571875 0.41640625 0.0046875 0.0046875
0 0.7296875 0.66484375 0.025 0.0359375
0 0.75859375 0.73828125 0.021875 0.0296875
0 0.2328125 0.58984375 0.0171875 0.0328125
0 0.16015625 0.5640625 0.00625 0.009375
0 0.12734375 0.48203125 0.0046875 0.0046875
0 0.05625 0.55625 0.021875 0.034375
0 0.475 0.165625 0.0234375 0.0359375
0 0.42265625 0.17890625 0.00625 0.0078125
0 0.38984375 0.73359375 0.0125 0.028125
0 0.39453125 0.978125 0.015625 0.025
0 0.53359375 0.99609375 0.0109375 0.0078125