0 0.21015625 0.4296875 0.01640625 0.01953125
0 0.45390625 0.3484375 0.0203125 0.02421875
0 0.30625 0.95234375 0.01484375 0.0203125
0 0.37265625 0.94453125 0.0140625 0.01796875
0 0.49921875 0.8765625 0.01328125 0.01875
0 0.56796875 0.58671875 0.01015625 0.01875
0 0.78515625 0.36953125 0.01328125 0.02421875
0 0.875 0.58046875 0.0125 0.0234375
0 0.86640625 0.58828125 0.0125 0.02265625
0 0.5625 0.59921875 0.009375 0.01328125
0 0.2 0.896875 0.015625 0.0265625
0 0.7890625 0.0359375 0.00859375 0.0109375