0 0.1453125 0.00703125 0.009375 0.0109375
0 0.20390625 0.59765625 0.0109375 0.02109375
0 0.18671875 0.70859375 0.009375 0.01640625
0 0.16953125 0.78984375 0.01328125 0.0203125
0 0.3765625 0.76875 0.01171875 0.01796875
0 0.55234375 0.475 0.0125 0.0234375
0 0.35 0.140625 0.015625 0.028125
0 0.3265625 0.203125 0.0125 0.02421875
0 0.23828125 0.3796875 0.01328125 0.021875
0 0.4359375 0.12578125 0.01171875 0.021875
0 0.4953125 0.1984375 0.0109375 0.01875
0 0.35390625 0.83671875 0.01171875 0.01796875
0 0.39765625 0.81796875 0.0078125 0.0125
0 0.42578125 0.67109375 0.00859375 0.01328125
0 0.58203125 0.50390625 0.0078125 0.01328125
0 0.6125 0.4359375 0.01484375 0.021875
0 0.52734375 0.2203125 0.01015625 0.0140625
0 0.7234375 0.515625 0.015625 0.025
0 0.840625 0.63671875 0.0109375 0.0171875
0 0.515625 0.97421875 0.01171875 0.0171875
0 0.0984375 0.83828125 0.0125 0.01875
0 0.0390625 0.63984375 0.01796875 0.03203125
0 0.1484375 0.990625 0.00625 0.01015625
0 0.6359375 0.90859375 0.0046875 0.00859375
0 0.83671875 0.89296875 0.00390625 0.00625