0 0.19296875 0.56484375 0.0140625 0.021875
0 0.16328125 0.67265625 0.0109375 0.0171875
0 0.1359375 0.75234375 0.0171875 0.021875
0 0.3453125 0.75546875 0.0140625 0.01875
0 0.55703125 0.48515625 0.015625 0.025
0 0.3953125 0.12578125 0.01875 0.0296875
0 0.3640625 0.18515625 0.015625 0.025
0 0.2546875 0.35078125 0.015625 0.0234375
0 0.4828125 0.121875 0.0140625 0.0234375
0 0.53359375 0.2015625 0.0140625 0.0203125
0 0.3140625 0.82109375 0.0140625 0.01875
0 0.3609375 0.8078125 0.009375 0.0140625
0 0.40703125 0.6640625 0.0109375 0.0140625
0 0.5828125 0.5171875 0.009375 0.0140625
0 0.621875 0.453125 0.0171875 0.025
0 0.5625 0.2265625 0.0125 0.015625
0 0.721875 0.54609375 0.01875 0.0265625
0 0.82421875 0.68046875 0.0140625 0.01875
0 0.45859375 0.978125 0.0140625 0.01875
0 0.05859375 0.79140625 0.0140625 0.0203125
0 0.02421875 0.58671875 0.021875 0.034375
0 0.0890625 0.94765625 0.0078125 0.0109375
0 0.58671875 0.928125 0.00625 0.009375
0 0.78984375 0.9359375 0.0046875 0.00625