0 0.8546875 0.54765625 0.015625 0.0234375
0 0.89140625 0.66171875 0.0125 0.01875
0 0.92265625 0.7453125 0.01875 0.0234375
0 0.7 0.7578125 0.015625 0.021875
0 0.4640625 0.47578125 0.0171875 0.0265625
0 0.621875 0.08671875 0.021875 0.03125
0 0.6578125 0.1484375 0.0171875 0.028125
0 0.78125 0.321875 0.0171875 0.025
0 0.52890625 0.0859375 0.015625 0.0265625
0 0.478125 0.17265625 0.015625 0.021875
0 0.73515625 0.82578125 0.015625 0.021875
0 0.68515625 0.8140625 0.009375 0.0140625
0 0.63046875 0.66171875 0.0109375 0.015625
0 0.43671875 0.51171875 0.009375 0.015625
0 0.39296875 0.44453125 0.01875 0.0265625
0 0.44765625 0.20078125 0.0125 0.015625
0 0.28984375 0.54765625 0.021875 0.0296875
0 0.18515625 0.6953125 0.0140625 0.0203125
0 0.4484375 0.94921875 0.00625 0.009375
0 0.2328125 0.9671875 0.00625 0.00625