0 0.2140625 0.2140625 0.07578125 0.07421875
0 0.4 0.271875 0.04140625 0.040625
0 0.6046875 0.21328125 0.03125 0.0328125
0 0.9359375 0.28828125 0.02578125 0.03359375
0 0.9 0.4515625 0.0234375 0.0234375
0 0.465625 0.6046875 0.04453125 0.04609375
0 0.3328125 0.76328125 0.0265625 0.03515625
0 0.11015625 0.6234375 0.02109375 0.02578125
0 0.76875 0.78984375 0.02734375 0.03125
0 0.8234375 0.7890625 0.01640625 0.01796875
0 0.9609375 0.84609375 0.04375 0.040625
0 0.93828125 0.90234375 0.0234375 0.0203125