0 0.30390625 0.3171875 0.04296875 0.06015625
0 0.46953125 0.72578125 0.0453125 0.06328125
0 0.5171875 0.36328125 0.04140625 0.05390625
0 0.84375 0.0921875 0.0390625 0.04375
0 0.68125 0.36796875 0.0390625 0.03984375
0 0.7859375 0.73828125 0.040625 0.06328125
0 0.83984375 0.6078125 0.04140625 0.04453125
0 0.17890625 0.375 0.04375 0.06328125
0 0.03046875 0.67734375 0.0203125 0.02421875
0 0.01328125 0.23125 0.02265625 0.0609375
0 0.115625 0.00703125 0.03125 0.0140625
0 0.2453125 0.11484375 0.0203125 0.02734375
0 0.0453125 0.2875 0.0328125 0.05546875
0 0.515625 0.21171875 0.034375 0.0390625
0 0.7484375 0.21640625 0.0484375 0.04921875
0 0.9234375 0.0234375 0.025 0.01953125
0 0.59453125 0.53125 0.02109375 0.0328125
0 0.33125 0.70703125 0.02578125 0.03359375
0 0.046875 0.86875 0.02578125 0.03515625
0 0.12890625 0.8765625 0.03515625 0.0390625
0 0.98828125 0.6359375 0.0234375 0.0453125