0 0.2984375 0.340625 0.0203125 0.03125
0 0.1203125 0.53125 0.0140625 0.0203125
0 0.4484375 0.78125 0.0234375 0.0328125
0 0.290625 0.85390625 0.015625 0.025
0 0.4078125 0.99375 0.01875 0.0046875
0 0.38515625 0.67578125 0.0109375 0.0140625
0 0.77578125 0.23828125 0.0203125 0.0328125
0 0.246875 0.7453125 0.0125 0.021875
0 0.07890625 0.71171875 0.0125 0.021875
0 0.490625 0.8640625 0.0140625 0.0203125
0 0.62109375 0.0875 0.0140625 0.0171875
0 0.71796875 0.13125 0.0125 0.01875
0 0.76875 0.278125 0.0109375 0.0171875
0 0.75234375 0.31171875 0.015625 0.015625
0 0.7453125 0.29453125 0.0140625 0.015625
0 0.59296875 0.296875 0.0125 0.0203125
0 0.28359375 0.37421875 0.0140625 0.0171875
0 0.23125 0.4921875 0.0140625 0.015625
0 0.17734375 0.575 0.0046875 0.0046875
0 0.35703125 0.51875 0.0125 0.015625
0 0.33671875 0.54609375 0.009375 0.0125
0 0.32421875 0.60703125 0.0078125 0.0125
0 0.4765625 0.653125 0.00625 0.009375
0 0.4609375 0.9390625 0.015625 0.021875
0 0.43671875 0.9140625 0.0125 0.0203125
0 0.4390625 0.96328125 0.0125 0.0125
0 0.4734375 0.88828125 0.0078125 0.0140625
0 0.53359375 0.76953125 0.0109375 0.015625
0 0.3546875 0.93203125 0.0078125 0.0125
0 0.38359375 0.98203125 0.009375 0.0171875
0 0.265625 0.64765625 0.0125 0.021875
0 0.28671875 0.6484375 0.0078125 0.009375
0 0.23671875 0.659375 0.0140625 0.015625
0 0.27109375 0.77265625 0.0125 0.021875
0 0.284375 0.7546875 0.009375 0.0125
0 0.06328125 0.75625 0.0078125 0.0140625
0 0.23671875 0.7125 0.0109375 0.0171875
0 0.184375 0.59375 0.0078125 0.0140625
0 0.16953125 0.446875 0.0140625 0.01875
0 0.19921875 0.49453125 0.0109375 0.0171875
0 0.16171875 0.584375 0.009375 0.0125
0 0.25390625 0.59609375 0.0078125 0.0140625
0 0.3 0.5890625 0.0109375 0.0125
0 0.28828125 0.57265625 0.0078125 0.0109375
0 0.3984375 0.71015625 0.00625 0.0109375
0 0.4953125 0.7296875 0.0078125 0.0109375
0 0.20625 0.928125 0.009375 0.0140625
0 0.1296875 0.9671875 0.009375 0.0140625
0 0.41171875 0.9515625 0.0109375 0.015625
0 0.37734375 0.93671875 0.0046875 0.0109375
0 0.43828125 0.853125 0.009375 0.0171875
0 0.38671875 0.66640625 0.0109375 0.009375
0 0.67421875 0.184375 0.0125 0.0203125
0 0.68046875 0.028125 0.015625 0.01875
0 0.52109375 0.634375 0.0109375 0.0140625
0 0.540625 0.61796875 0.0125 0.0171875
0 0.49296875 0.61640625 0.0109375 0.0203125
0 0.24140625 0.9828125 0.003125 0.009375
0 0.45078125 0.465625 0.0046875 0.009375
0 0.5015625 0.390625 0.0046875 0.0046875
0 0.5828125 0.34765625 0.0046875 0.0078125