0 0.6625 0.38359375 0.0234375 0.0328125
0 0.8546875 0.5546875 0.015625 0.0203125
0 0.553125 0.83046875 0.025 0.034375
0 0.715625 0.88671875 0.01875 0.0265625
0 0.60703125 0.7203125 0.0125 0.015625
0 0.18515625 0.32421875 0.021875 0.034375
0 0.17734375 0.04375 0.025 0.009375
0 0.74921875 0.778125 0.0140625 0.021875
0 0.9109375 0.73046875 0.0140625 0.0234375
0 0.51953125 0.915625 0.015625 0.0203125
0 0.32421875 0.1625 0.0140625 0.01875
0 0.2328125 0.2140625 0.0140625 0.0203125
0 0.1953125 0.3625 0.0109375 0.0171875
0 0.21484375 0.39453125 0.015625 0.0171875
0 0.2203125 0.3765625 0.015625 0.0171875
0 0.3703125 0.36640625 0.0140625 0.0203125
0 0.68046875 0.415625 0.0140625 0.01875
0 0.74296875 0.5265625 0.015625 0.0171875
0 0.8015625 0.60390625 0.0046875 0.0046875
0 0.6203125 0.56328125 0.0125 0.0171875
0 0.64375 0.5890625 0.009375 0.0125
0 0.66015625 0.6484375 0.009375 0.0125
0 0.51484375 0.70625 0.0078125 0.009375
0 0.55625 0.98515625 0.0171875 0.025
0 0.5765625 0.96015625 0.0140625 0.0203125
0 0.53828125 0.9375 0.009375 0.015625
0 0.46875 0.82578125 0.0125 0.0171875
0 0.659375 0.9703125 0.009375 0.0140625
0 0.721875 0.6828125 0.0140625 0.021875
0 0.70234375 0.68515625 0.0078125 0.0109375
0 0.75078125 0.69140625 0.0140625 0.0171875
0 0.7265625 0.80625 0.0140625 0.021875
0 0.7125 0.78984375 0.009375 0.0125
0 0.93046875 0.77265625 0.009375 0.0140625
0 0.75546875 0.74453125 0.0109375 0.0171875
0 0.796875 0.62265625 0.009375 0.0140625
0 0.79921875 0.4765625 0.015625 0.0203125
0 0.77421875 0.52578125 0.0109375 0.0171875
0 0.81875 0.6125 0.009375 0.0125
0 0.72890625 0.63046875 0.009375 0.0140625
0 0.6828125 0.62734375 0.0109375 0.0125
0 0.69375 0.6109375 0.0078125 0.0109375
0 0.596875 0.75546875 0.0078125 0.0109375
0 0.50390625 0.78359375 0.009375 0.0125
0 0.80546875 0.95390625 0.0109375 0.015625
0 0.60390625 0.98828125 0.009375 0.0046875
0 0.6375 0.9765625 0.00625 0.0109375
0 0.56953125 0.9 0.009375 0.0171875
0 0.6046875 0.71171875 0.0109375 0.0109375
0 0.2796875 0.26171875 0.0140625 0.021875
0 0.26015625 0.109375 0.0171875 0.0203125
0 0.46953125 0.69140625 0.0125 0.015625
0 0.44921875 0.67734375 0.0140625 0.01875
0 0.49453125 0.67109375 0.0125 0.0203125
0 0.52421875 0.51953125 0.00625 0.009375
0 0.46796875 0.45 0.0046875 0.0046875
0 0.38359375 0.415625 0.00625 0.0078125