0 0.67109375 0.284375 0.0515625 0.0671875
0 0.5625 0.71953125 0.0546875 0.0703125
0 0.46328125 0.3609375 0.05 0.0609375
0 0.09609375 0.134375 0.0453125 0.05
0 0.2984375 0.3890625 0.0453125 0.0453125
0 0.2453125 0.7765625 0.05 0.06875
0 0.17265625 0.65234375 0.046875 0.05
0 0.80546875 0.325 0.053125 0.0703125
0 0.99140625 0.6078125 0.0171875 0.028125
0 0.9484375 0.15625 0.025 0.0640625
0 0.70078125 0.0734375 0.0234375 0.03125
0 0.92734375 0.2171875 0.040625 0.0609375
0 0.4421875 0.20859375 0.0390625 0.04375
0 0.209375 0.24609375 0.05625 0.05625
0 0.009375 0.07578125 0.01875 0.0234375
0 0.40859375 0.54140625 0.0265625 0.0359375
0 0.6984375 0.68046875 0.0296875 0.0375
0 0.99609375 0.80234375 0.0078125 0.0390625
0 0.92578125 0.821875 0.040625 0.04375
0 0.03125 0.7 0.021875 0.05