0 0.2109375 0.01484375 0.03125 0.0296875
0 0.1875 0.36640625 0.025 0.0265625
0 0.5078125 0.3515625 0.0328125 0.040625
0 0.3796875 0.0078125 0.01875 0.015625
0 0.89140625 0.4453125 0.028125 0.0328125
0 0.55625 0.22578125 0.0296875 0.0265625
0 0.7234375 0.22890625 0.01875 0.034375
0 0.87578125 0.61796875 0.021875 0.0234375
0 0.04296875 0.36484375 0.015625 0.015625
0 0.6046875 0.890625 0.0265625 0.0265625
0 0.4984375 0.984375 0.0359375 0.03125
0 0.73671875 0.64375 0.0375 0.0171875
0 0.90390625 0.92109375 0.0484375 0.0375
0 0.17421875 0.3890625 0.0234375 0.0265625
0 0.03359375 0.3765625 0.0140625 0.015625
0 0.871875 0.45703125 0.0234375 0.034375
0 0.740625 0.74375 0.034375 0.0578125
0 0.8609375 0.634375 0.01875 0.021875