0 0.040625 0.01953125 0.034375 0.0390625
0 0.24765625 0.04921875 0.0296875 0.040625
0 0.23125 0.38125 0.0234375 0.025
0 0.52890625 0.3625 0.03046875 0.0375
0 0.4046875 0.03828125 0.01875 0.03046875
0 0.88671875 0.44296875 0.025 0.03046875
0 0.571875 0.24375 0.02734375 0.025
0 0.72734375 0.24453125 0.0171875 0.03125
0 0.875 0.60390625 0.0203125 0.02109375
0 0.09609375 0.38125 0.0140625 0.01328125
0 0.62734375 0.86171875 0.0234375 0.02421875
0 0.53203125 0.95625 0.03359375 0.03984375
0 0.7453125 0.63046875 0.03359375 0.01640625
0 0.90546875 0.88515625 0.04453125 0.03359375
0 0.21875 0.40234375 0.02109375 0.025
0 0.0875 0.39296875 0.01171875 0.0140625
0 0.86875 0.45390625 0.02109375 0.03203125
0 0.75078125 0.7234375 0.03125 0.05390625
0 0.8609375 0.61875 0.0171875 0.01953125