0 0.1578125 0.0375 0.034375 0.05859375
0 0.61171875 0.79296875 0.059375 0.08203125
0 0.48984375 0.79140625 0.0546875 0.0859375
0 0.2359375 0.96953125 0.05078125 0.0609375
0 0.6578125 0.9859375 0.03046875 0.02734375
0 0.86171875 0.77109375 0.0453125 0.06640625
0 0.20234375 0.41796875 0.0453125 0.0828125
0 0.978125 0.946875 0.03125 0.03828125
0 0.4078125 0.015625 0.03984375 0.03046875
0 0.36640625 0.4703125 0.03671875 0.05546875
0 0.15390625 0.76015625 0.0296875 0.03828125
0 0.0578125 0.04140625 0.04296875 0.04609375
0 0.74765625 0.16015625 0.02890625 0.03203125
0 0.76015625 0.13359375 0.03515625 0.0296875
0 0.6328125 0.621875 0.0296875 0.0359375
0 0.4484375 0.96796875 0.0296875 0.0359375