0 0.7921875 0.015625 0.040625 0.03125
0 0.41640625 0.80546875 0.06875 0.0890625
0 0.5390625 0.79140625 0.0640625 0.0921875
0 0.81328125 0.93984375 0.0578125 0.0640625
0 0.390625 0.99453125 0.03125 0.0109375
0 0.1640625 0.81015625 0.0515625 0.071875
0 0.7875 0.38671875 0.053125 0.0875
0 0.0671875 0.98828125 0.0375 0.0234375
0 0.54140625 0.01015625 0.0421875 0.0203125
0 0.62890625 0.45625 0.04375 0.059375
0 0.87265625 0.725 0.034375 0.040625
0 0.8921875 0.009375 0.046875 0.01875
0 0.2140625 0.1859375 0.0328125 0.034375
0 0.19921875 0.1609375 0.0375 0.034375
0 0.37734375 0.6359375 0.034375 0.0390625
0 0.59921875 0.9640625 0.0328125 0.0390625