0 0.8046875 0.08046875 0.0359375 0.0453125
0 0.78046875 0.42109375 0.0265625 0.028125
0 0.47890625 0.3640625 0.0359375 0.0421875
0 0.646875 0.05 0.021875 0.0328125
0 0.103125 0.40234375 0.0296875 0.034375
0 0.44921875 0.2390625 0.03125 0.0296875
0 0.29140625 0.21953125 0.021875 0.034375
0 0.09453125 0.56796875 0.0234375 0.025
0 0.91796875 0.4390625 0.015625 0.015625
0 0.315625 0.8625 0.0265625 0.0265625
0 0.4015625 0.9703125 0.0390625 0.04375
0 0.22421875 0.6109375 0.0359375 0.0203125
0 0.02890625 0.8515625 0.0484375 0.0390625
0 0.78984375 0.44453125 0.0234375 0.028125
0 0.925 0.4515625 0.0140625 0.015625
0 0.12109375 0.415625 0.025 0.0359375
0 0.20703125 0.70546875 0.0390625 0.059375
0 0.1078125 0.5859375 0.01875 0.021875