0 0.5953125 0.5328125 0.009375 0.0140625
0 0.61953125 0.54140625 0.009375 0.0140625
0 0.80390625 0.6484375 0.0125 0.015625
0 0.61953125 0.68125 0.00625 0.009375
0 0.6046875 0.76875 0.0109375 0.015625
0 0.49609375 0.853125 0.009375 0.015625
0 0.56640625 0.96640625 0.0109375 0.0140625
0 0.7796875 0.9359375 0.009375 0.0125
0 0.3 0.484375 0.009375 0.0171875
0 0.709375 0.40703125 0.0109375 0.015625
0 0.746875 0.5078125 0.0078125 0.0125
0 0.76171875 0.4953125 0.009375 0.0125
0 0.77734375 0.51015625 0.0078125 0.009375
0 0.88984375 0.45703125 0.00625 0.0109375
0 0.86796875 0.5875 0.009375 0.0140625
0 0.3734375 0.80078125 0.015625 0.0234375
0 0.965625 0.34296875 0.00625 0.00625
0 0.984375 0.4328125 0.0078125 0.0140625
0 0.890625 0.30390625 0.0125 0.0203125
0 0.85234375 0.22578125 0.015625 0.015625
0 0.171875 0.3875 0.0265625 0.046875
0 0.11640625 0.3125 0.0109375 0.0234375
0 0.028125 0.53671875 0.0234375 0.0375
0 0.3453125 0.73046875 0.0109375 0.01875
0 0.253125 0.58046875 0.009375 0.021875
0 0.5875 0.65859375 0.0078125 0.0109375
0 0.51640625 0.61328125 0.0078125 0.0140625
0 0.475 0.63828125 0.00625 0.0125
0 0.41640625 0.62734375 0.009375 0.0140625
0 0.98125 0.69765625 0.0078125 0.009375
0 0.65390625 0.71953125 0.0078125 0.0109375
0 0.78515625 0.74453125 0.0078125 0.0125
0 0.66796875 0.40859375 0.009375 0.0140625