0 0.3046875 0.3859375 0.01875 0.02734375
0 0.1484375 0.5703125 0.0125 0.01796875
0 0.4640625 0.7859375 0.01953125 0.02890625
0 0.32109375 0.86015625 0.0140625 0.02265625
0 0.43671875 0.99140625 0.01796875 0.0171875
0 0.40078125 0.69140625 0.009375 0.0125
0 0.740625 0.26796875 0.01640625 0.0296875
0 0.7109375 0.0046875 0.0234375 0.009375
0 0.27578125 0.76328125 0.01015625 0.0203125
0 0.11953125 0.73984375 0.01015625 0.0203125
0 0.50625 0.8609375 0.01171875 0.01875
0 0.96796875 0.05546875 0.01171875 0.01875
0 0.58984375 0.1359375 0.01171875 0.015625
0 0.68125 0.171875 0.01015625 0.01796875
0 0.7359375 0.3046875 0.009375 0.015625
0 0.721875 0.33671875 0.01328125 0.0140625
0 0.71484375 0.321875 0.0125 0.01328125
0 0.57421875 0.33125 0.0109375 0.01796875
0 0.2921875 0.41796875 0.01171875 0.01484375
0 0.24921875 0.5296875 0.0125 0.01484375
0 0.20390625 0.60859375 0.00390625 0.00390625
0 0.3671875 0.54765625 0.01015625 0.01484375
0 0.3484375 0.5734375 0.0078125 0.01015625
0 0.34140625 0.63125 0.00703125 0.0109375
0 0.48359375 0.66640625 0.00546875 0.00859375
0 0.4828125 0.93125 0.01328125 0.0203125
0 0.46015625 0.909375 0.0109375 0.01796875
0 0.4640625 0.9546875 0.0109375 0.01171875
0 0.4921875 0.88359375 0.00703125 0.01328125
0 0.5421875 0.77109375 0.009375 0.0140625
0 0.384375 0.9296875 0.00703125 0.01171875
0 0.41328125 0.97421875 0.0078125 0.01640625
0 0.28828125 0.67109375 0.01015625 0.01953125
0 0.3078125 0.67109375 0.00703125 0.00859375
0 0.2625 0.6828125 0.01171875 0.0140625
0 0.3 0.78671875 0.01015625 0.0203125
0 0.3109375 0.76953125 0.0078125 0.0109375
0 0.10703125 0.78203125 0.00625 0.0125
0 0.265625 0.7328125 0.00859375 0.015625
0 0.2109375 0.625 0.00703125 0.01171875
0 0.190625 0.490625 0.01171875 0.0171875
0 0.21953125 0.5328125 0.00859375 0.015625
0 0.1890625 0.61796875 0.0078125 0.0109375
0 0.27578125 0.6234375 0.00625 0.0125
0 0.3171875 0.61484375 0.009375 0.0109375
0 0.30546875 0.60078125 0.00703125 0.009375
0 0.4140625 0.72265625 0.00625 0.009375
0 0.5046875 0.7359375 0.00703125 0.01015625
0 0.246875 0.93359375 0.0078125 0.01328125
0 0.178125 0.9734375 0.0078125 0.01328125
0 0.43828125 0.9453125 0.00859375 0.01484375
0 0.40546875 0.9328125 0.00390625 0.009375
0 0.45859375 0.853125 0.00703125 0.015625
0 0.40078125 0.6828125 0.009375 0.009375
0 0.64453125 0.22265625 0.0109375 0.01875
0 0.6421875 0.07890625 0.01328125 0.0171875
0 0.52421875 0.646875 0.01015625 0.01328125
0 0.54140625 0.63046875 0.0109375 0.015625
0 0.49765625 0.63125 0.00859375 0.01796875
0 0.28359375 0.98359375 0.00390625 0.00703125
0 0.45078125 0.49375 0.00390625 0.00859375
0 0.49453125 0.421875 0.0046875 0.0046875
0 0.56796875 0.37890625 0.00390625 0.0078125