0 0.28671875 0.3375 0.05 0.065625
0 0.496875 0.73359375 0.053125 0.06875
0 0.50703125 0.36171875 0.0484375 0.059375
0 0.8078125 0.053125 0.04375 0.0484375
0 0.6734375 0.34921875 0.04375 0.0453125
0 0.81875 0.71171875 0.0484375 0.06875
0 0.85859375 0.57421875 0.0453125 0.05
0 0.16640625 0.409375 0.0515625 0.06875
0 0.04921875 0.73046875 0.0234375 0.0265625
0 0.06328125 0.046875 0.0328125 0.0109375
0 0.20625 0.13984375 0.0234375 0.0296875
0 0.021875 0.33515625 0.0390625 0.059375
0 0.48984375 0.2078125 0.0390625 0.04375
0 0.72578125 0.1890625 0.0546875 0.0546875
0 0.603125 0.5234375 0.025 0.034375
0 0.35625 0.72890625 0.0296875 0.0375
0 0.0859375 0.921875 0.0296875 0.0390625
0 0.16953125 0.92109375 0.0390625 0.04375