0 0.3828125 0.54921875 0.00703125 0.0125
0 0.36171875 0.55859375 0.0078125 0.01171875
0 0.19765625 0.66953125 0.01015625 0.0140625
0 0.37109375 0.6875 0.00546875 0.0078125
0 0.3890625 0.76796875 0.009375 0.0140625
0 0.4953125 0.83828125 0.0078125 0.0140625
0 0.4375 0.946875 0.00859375 0.0125
0 0.2390625 0.93359375 0.0078125 0.01171875
0 0.65234375 0.48515625 0.0078125 0.015625
0 0.26953125 0.440625 0.009375 0.01484375
0 0.24140625 0.5359375 0.00703125 0.01171875
0 0.2265625 0.525 0.0078125 0.0109375
0 0.21328125 0.53984375 0.00625 0.00859375
0 0.10625 0.49765625 0.00625 0.01015625
0 0.13515625 0.6171875 0.0078125 0.0125
0 0.6046875 0.78203125 0.0125 0.0203125
0 0.715625 0.9875 0.01015625 0.0140625
0 0.0125 0.840625 0.0078125 0.01171875
0 0.02890625 0.39765625 0.00546875 0.00625
0 0.0171875 0.48203125 0.00625 0.0125
0 0.09609375 0.35625 0.0109375 0.01796875
0 0.1265625 0.2828125 0.01328125 0.0140625
0 0.7640625 0.38828125 0.02109375 0.04140625
0 0.8109375 0.31484375 0.009375 0.0203125
0 0.90703125 0.51640625 0.01875 0.03359375
0 0.6265625 0.71484375 0.009375 0.01640625
0 0.7015625 0.57109375 0.00859375 0.01953125
0 0.3984375 0.6640625 0.00625 0.009375
0 0.4609375 0.61796875 0.00703125 0.01328125
0 0.50078125 0.63828125 0.00546875 0.01171875
0 0.5546875 0.625 0.00703125 0.01328125
0 0.0375 0.72578125 0.00625 0.0078125
0 0.340625 0.725 0.00625 0.01015625
0 0.22109375 0.75625 0.00625 0.0109375
0 0.3078125 0.4390625 0.00859375 0.0125