0 0.60390625 0.5578125 0.0078125 0.0125
0 0.625 0.56875 0.009375 0.0125
0 0.7921875 0.6859375 0.0109375 0.015625
0 0.6140625 0.7015625 0.00625 0.009375
0 0.59375 0.784375 0.0109375 0.015625
0 0.48203125 0.85546875 0.0078125 0.015625
0 0.53984375 0.96796875 0.009375 0.0140625
0 0.7453125 0.9578125 0.009375 0.0125
0 0.3265625 0.4875 0.0078125 0.0171875
0 0.72265625 0.4484375 0.0109375 0.015625
0 0.75 0.546875 0.0078125 0.0125
0 0.76484375 0.5359375 0.0078125 0.0125
0 0.77890625 0.5515625 0.00625 0.009375
0 0.88984375 0.51015625 0.00625 0.0109375
0 0.85859375 0.6328125 0.009375 0.0140625
0 0.3703125 0.7953125 0.0140625 0.021875
0 0.98125 0.86640625 0.0078125 0.0125
0 0.971875 0.40859375 0.00625 0.00625
0 0.9828125 0.4953125 0.0078125 0.0125
0 0.903125 0.3640625 0.0125 0.01875
0 0.8734375 0.28671875 0.0140625 0.0140625
0 0.21328125 0.38515625 0.021875 0.04375
0 0.165625 0.3078125 0.009375 0.021875
0 0.06328125 0.51484375 0.01875 0.0359375
0 0.3484375 0.72578125 0.009375 0.0171875
0 0.27421875 0.575 0.009375 0.0203125
0 0.58515625 0.6765625 0.0078125 0.0109375
0 0.521875 0.628125 0.0078125 0.0140625
0 0.48046875 0.6484375 0.00625 0.0125
0 0.425 0.6328125 0.0078125 0.0140625
0 0.95703125 0.74609375 0.00625 0.009375
0 0.64375 0.740625 0.00625 0.0109375
0 0.76640625 0.775 0.00625 0.0109375
0 0.6828125 0.4453125 0.009375 0.0125