0 0.465625 0.10703125 0.01640625 0.01953125
0 0.5453125 0.1171875 0.0078125 0.0125
0 0.5828125 0.1796875 0.01171875 0.015625
0 0.47265625 0.159375 0.01484375 0.0171875
0 0.3703125 0.22734375 0.01015625 0.0125
0 0.4734375 0.24609375 0.0078125 0.01015625
0 0.5484375 0.29453125 0.015625 0.025
0 0.43359375 0.33984375 0.015625 0.025
0 0.37421875 0.36171875 0.00546875 0.00859375
0 0.4984375 0.36484375 0.01015625 0.0109375
0 0.475 0.41875 0.01171875 0.01796875
0 0.4484375 0.42265625 0.0109375 0.0140625
0 0.45703125 0.40625 0.0109375 0.015625
0 0.50703125 0.4609375 0.01015625 0.0109375
0 0.4578125 0.465625 0.009375 0.01015625
0 0.50546875 0.50078125 0.0125 0.0171875
0 0.44921875 0.55 0.0125 0.015625
0 0.17578125 0.5890625 0.0140625 0.02265625
0 0.22578125 0.5578125 0.00859375 0.0109375
0 0.0375 0.6171875 0.00859375 0.01875
0 0.0359375 0.67421875 0.01640625 0.0125
0 0.29296875 0.6859375 0.0109375 0.0125
0 0.35078125 0.7453125 0.009375 0.0078125
0 0.38359375 0.7265625 0.00625 0.00625
0 0.48984375 0.5546875 0.00625 0.0078125
0 0.51796875 0.60390625 0.009375 0.009375
0 0.5625 0.59765625 0.009375 0.01171875
0 0.56875 0.375 0.0078125 0.01015625
0 0.55078125 0.39140625 0.009375 0.01171875
0 0.6453125 0.4109375 0.0078125 0.01015625
0 0.671875 0.4765625 0.00859375 0.0140625
0 0.75703125 0.396875 0.0125 0.01875
0 0.6640625 0.5359375 0.0140625 0.01796875
0 0.7609375 0.55859375 0.0078125 0.0125
0 0.84296875 0.55078125 0.0109375 0.0125
0 0.60859375 0.65546875 0.01171875 0.015625
0 0.7375 0.8640625 0.009375 0.009375
0 0.78828125 0.27578125 0.00390625 0.00703125
0 0.5953125 0.7859375 0.00546875 0.0078125
0 0.77578125 0.6234375 0.00703125 0.009375
0 0.88515625 0.62734375 0.00546875 0.00703125