0 0.309375 0.41953125 0.015625 0.015625
0 0.3515625 0.5171875 0.0171875 0.01875
0 0.49453125 0.271875 0.0125 0.015625
0 0.46796875 0.21015625 0.009375 0.0125
0 0.13125 0.60234375 0.015625 0.01875
0 0.2515625 0.71015625 0.0203125 0.0203125
0 0.22734375 0.84609375 0.0171875 0.0203125
0 0.3171875 0.8875 0.0125 0.015625
0 0.2453125 0.9796875 0.0109375 0.0171875
0 0.38125 0.8578125 0.01875 0.021875
0 0.415625 0.821875 0.015625 0.0171875
0 0.44296875 0.83046875 0.015625 0.0203125
0 0.54921875 0.7265625 0.0125 0.0171875
0 0.56640625 0.8265625 0.0109375 0.0125
0 0.715625 0.6859375 0.0109375 0.0125
0 0.5875 0.60390625 0.0140625 0.0140625
0 0.5828125 0.5 0.0078125 0.009375
0 0.60390625 0.48984375 0.015625 0.0171875
0 0.565625 0.41796875 0.0109375 0.0125
0 0.75625 0.73046875 0.0109375 0.015625
0 0.75703125 0.45078125 0.0109375 0.0171875
0 0.7390625 0.496875 0.0078125 0.015625
0 0.740625 0.56171875 0.00625 0.0078125
0 0.8625 0.640625 0.0140625 0.0234375
0 0.79140625 0.11328125 0.0078125 0.0125
0 0.43828125 0.2578125 0.0078125 0.0078125
0 0.24609375 0.4390625 0.00625 0.009375
0 0.278125 0.43359375 0.0078125 0.0109375
0 0.3140625 0.9515625 0.0125 0.015625
0 0.5875 0.58125 0.015625 0.0109375
0 0.59609375 0.6421875 0.0109375 0.0125
0 0.76171875 0.7203125 0.0078125 0.0140625
0 0.8734375 0.515625 0.00625 0.0078125
0 0.59765625 0.890625 0.00625 0.0109375
0 0.528125 0.83359375 0.009375 0.00625
0 0.81171875 0.6171875 0.0078125 0.0125
0 0.6515625 0.78671875 0.0046875 0.00625
0 0.58984375 0.796875 0.00625 0.009375
0 0.43125 0.0796875 0.00625 0.0109375