0 0.321875 0.409375 0.01484375 0.01484375
0 0.36484375 0.50078125 0.01640625 0.0171875
0 0.49375 0.26015625 0.0125 0.01484375
0 0.46640625 0.20234375 0.0078125 0.0109375
0 0.1578125 0.5890625 0.0140625 0.01796875
0 0.27578125 0.6890625 0.01875 0.01875
0 0.2578125 0.81953125 0.015625 0.01875
0 0.34375 0.85703125 0.01171875 0.01484375
0 0.2796875 0.94765625 0.01015625 0.015625
0 0.4046875 0.82578125 0.0171875 0.02109375
0 0.4359375 0.790625 0.01484375 0.01640625
0 0.4625 0.796875 0.01484375 0.01953125
0 0.56015625 0.69453125 0.0109375 0.015625
0 0.58046875 0.78984375 0.009375 0.0109375
0 0.71875 0.65 0.0109375 0.01171875
0 0.59375 0.57578125 0.01328125 0.01328125
0 0.58515625 0.4765625 0.0078125 0.009375
0 0.6046875 0.465625 0.0140625 0.01640625
0 0.56640625 0.3984375 0.01015625 0.01171875
0 0.75859375 0.690625 0.01015625 0.01484375
0 0.75078125 0.4234375 0.0109375 0.01640625
0 0.73515625 0.46796875 0.00703125 0.0140625
0 0.73828125 0.53046875 0.00546875 0.00703125
0 0.85703125 0.60234375 0.0125 0.021875
0 0.77109375 0.0984375 0.00703125 0.0109375
0 0.4390625 0.24921875 0.00703125 0.00703125
0 0.2609375 0.42890625 0.00625 0.009375
0 0.2921875 0.42265625 0.00703125 0.01015625
0 0.3125 0.98984375 0.00546875 0.009375
0 0.34375 0.91796875 0.01171875 0.01484375
0 0.59296875 0.55390625 0.01484375 0.01015625
0 0.60234375 0.6125 0.01015625 0.01171875
0 0.7640625 0.68203125 0.00703125 0.01328125
0 0.86328125 0.48125 0.00546875 0.00625
0 0.6125 0.84921875 0.00546875 0.0109375
0 0.54453125 0.79765625 0.009375 0.00546875
0 0.80859375 0.58125 0.0078125 0.01171875
0 0.6609375 0.7484375 0.00390625 0.0046875
0 0.6015625 0.76015625 0.00546875 0.00859375
0 0.42578125 0.07890625 0.00546875 0.009375