0 0.5765625 0.05234375 0.01875 0.021875
0 0.48984375 0.0578125 0.009375 0.0140625
0 0.44609375 0.12265625 0.0140625 0.0171875
0 0.565625 0.10859375 0.0171875 0.0203125
0 0.6703125 0.1890625 0.0125 0.0140625
0 0.5578125 0.2015625 0.009375 0.0125
0 0.4734375 0.2484375 0.01875 0.028125
0 0.59375 0.30625 0.01875 0.028125
0 0.65625 0.33359375 0.00625 0.009375
0 0.52109375 0.328125 0.0125 0.0125
0 0.54375 0.38828125 0.0140625 0.0203125
0 0.571875 0.39375 0.0125 0.015625
0 0.56328125 0.37578125 0.0125 0.0171875
0 0.50546875 0.43046875 0.0125 0.0125
0 0.55859375 0.43984375 0.0109375 0.0125
0 0.50390625 0.47421875 0.015625 0.0203125
0 0.5609375 0.53203125 0.0140625 0.0171875
0 0.853125 0.59453125 0.0171875 0.025
0 0.8015625 0.55625 0.0109375 0.0125
0 0.71953125 0.68984375 0.0125 0.0140625
0 0.653125 0.74921875 0.0109375 0.009375
0 0.61875 0.7265625 0.00625 0.0078125
0 0.5171875 0.53359375 0.0078125 0.009375
0 0.4828125 0.584375 0.0109375 0.0109375
0 0.43515625 0.57421875 0.0109375 0.0125
0 0.44609375 0.334375 0.009375 0.0109375
0 0.4640625 0.35234375 0.0109375 0.0125
0 0.36015625 0.36640625 0.009375 0.0125
0 0.3265625 0.43515625 0.0109375 0.015625
0 0.24140625 0.34296875 0.0140625 0.021875
0 0.33046875 0.5 0.015625 0.0203125
0 0.22421875 0.5171875 0.009375 0.0140625
0 0.13671875 0.503125 0.0125 0.015625
0 0.38125 0.6328125 0.0140625 0.01875
0 0.2265625 0.8484375 0.0109375 0.0109375
0 0.21640625 0.21015625 0.0046875 0.0078125
0 0.3859375 0.775 0.00625 0.009375
0 0.203125 0.5859375 0.0078125 0.009375
0 0.08515625 0.58125 0.00625 0.0078125