0 0.33984375 0.43203125 0.015625 0.015625
0 0.3859375 0.53046875 0.01875 0.01875
0 0.52265625 0.2734375 0.0125 0.015625
0 0.49375 0.21171875 0.009375 0.0125
0 0.16484375 0.62421875 0.015625 0.01875
0 0.290625 0.73046875 0.01875 0.0203125
0 0.27109375 0.86953125 0.0171875 0.0203125
0 0.36328125 0.909375 0.0125 0.015625
0 0.29453125 0.99765625 0.0125 0.0046875
0 0.428125 0.8765625 0.01875 0.021875
0 0.46171875 0.8390625 0.015625 0.0171875
0 0.490625 0.84609375 0.015625 0.0203125
0 0.59453125 0.73671875 0.0125 0.015625
0 0.61640625 0.8375 0.009375 0.0125
0 0.76328125 0.6890625 0.0125 0.0125
0 0.6296875 0.61015625 0.0140625 0.0140625
0 0.62109375 0.50390625 0.0078125 0.009375
0 0.6421875 0.4921875 0.015625 0.01875
0 0.60078125 0.4203125 0.0109375 0.0125
0 0.80546875 0.73203125 0.0109375 0.015625
0 0.79765625 0.44765625 0.0125 0.0171875
0 0.78046875 0.49453125 0.00625 0.015625
0 0.784375 0.5609375 0.00625 0.0078125
0 0.9109375 0.63828125 0.0125 0.0234375
0 0.81953125 0.10078125 0.00625 0.0125
0 0.46484375 0.26171875 0.0078125 0.00625
0 0.275 0.453125 0.00625 0.009375
0 0.3078125 0.446875 0.0078125 0.0109375
0 0.36328125 0.975 0.0125 0.015625
0 0.62890625 0.58671875 0.015625 0.0109375
0 0.6390625 0.64921875 0.009375 0.0125
0 0.81171875 0.72265625 0.00625 0.015625
0 0.9171875 0.509375 0.00625 0.00625
0 0.65 0.9015625 0.00625 0.0125
0 0.57734375 0.84609375 0.009375 0.00625
0 0.85859375 0.615625 0.0078125 0.0125
0 0.7015625 0.79375 0.003125 0.00625
0 0.63828125 0.80703125 0.00625 0.009375
0 0.45078125 0.0796875 0.00625 0.009375