0 0.47265625 0.09921875 0.0171875 0.0203125
0 0.553125 0.1109375 0.0078125 0.0125
0 0.5890625 0.17578125 0.0125 0.015625
0 0.478125 0.15234375 0.015625 0.0171875
0 0.3734375 0.21953125 0.0109375 0.0125
0 0.478125 0.23984375 0.0078125 0.0109375
0 0.553125 0.290625 0.015625 0.0265625
0 0.4359375 0.33515625 0.015625 0.025
0 0.375 0.35546875 0.00625 0.009375
0 0.50078125 0.36171875 0.0109375 0.0109375
0 0.47578125 0.41484375 0.0125 0.01875
0 0.44921875 0.41875 0.0109375 0.0140625
0 0.45859375 0.40234375 0.0109375 0.0171875
0 0.5078125 0.45859375 0.0109375 0.0109375
0 0.4578125 0.4625 0.009375 0.0109375
0 0.50546875 0.49921875 0.0125 0.01875
0 0.44765625 0.54765625 0.0125 0.015625
0 0.1703125 0.5828125 0.0140625 0.0234375
0 0.22109375 0.5515625 0.009375 0.0109375
0 0.02890625 0.609375 0.009375 0.01875
0 0.02734375 0.665625 0.0171875 0.0125
0 0.2875 0.6828125 0.0109375 0.0125
0 0.34453125 0.74453125 0.0109375 0.0078125
0 0.378125 0.725 0.00625 0.0078125
0 0.4890625 0.553125 0.00625 0.009375
0 0.51640625 0.603125 0.009375 0.009375
0 0.56171875 0.59765625 0.009375 0.0125
0 0.571875 0.3734375 0.009375 0.0109375
0 0.55390625 0.38828125 0.009375 0.0125
0 0.6484375 0.41015625 0.0078125 0.0109375
0 0.67421875 0.47734375 0.009375 0.0140625
0 0.76171875 0.3984375 0.0125 0.01875
0 0.665625 0.5375 0.0140625 0.01875
0 0.7640625 0.5625 0.0078125 0.0125
0 0.846875 0.55546875 0.0109375 0.0140625
0 0.6078125 0.65703125 0.0125 0.015625
0 0.734375 0.8703125 0.0109375 0.009375
0 0.79609375 0.2765625 0.0046875 0.0078125
0 0.59140625 0.7890625 0.00625 0.0078125
0 0.7765625 0.62734375 0.0078125 0.009375
0 0.8875 0.63359375 0.00625 0.0078125