0 0.5140625 0.1859375 0.00859375 0.01171875
0 0.4390625 0.2609375 0.0125 0.01640625
0 0.5359375 0.19296875 0.0078125 0.01015625
0 0.54140625 0.20859375 0.01171875 0.0125
0 0.55859375 0.2046875 0.0109375 0.0140625
0 0.55 0.2359375 0.009375 0.01796875
0 0.58515625 0.21328125 0.00703125 0.01171875
0 0.5484375 0.29140625 0.01171875 0.01875
0 0.5578125 0.325 0.015625 0.02265625
0 0.615625 0.37265625 0.0109375 0.01484375
0 0.628125 0.18984375 0.0109375 0.01875
0 0.6265625 0.21875 0.00703125 0.01953125