0 0.52734375 0.70078125 0.01875 0.028125
0 0.74375 0.8109375 0.009375 0.0125
0 0.6140625 0.81953125 0.0140625 0.0203125
0 0.6421875 0.58984375 0.0078125 0.0109375
0 0.63125 0.52109375 0.0125 0.021875
0 0.65 0.55078125 0.015625 0.01875
0 0.70078125 0.4109375 0.0140625 0.0203125
0 0.68046875 0.33125 0.009375 0.0140625
0 0.52734375 0.22421875 0.0140625 0.0203125
0 0.53125 0.275 0.0109375 0.0140625
0 0.8796875 0.75078125 0.0140625 0.0234375
0 0.878125 0.9328125 0.0140625 0.0171875
0 0.721875 0.09609375 0.0171875 0.01875
0 0.1625 0.59609375 0.0140625 0.01875
0 0.24765625 0.75703125 0.0109375 0.015625
0 0.0796875 0.64375 0.0140625 0.0203125
0 0.07734375 0.56875 0.0140625 0.01875
0 0.184375 0.14453125 0.015625 0.0203125
0 0.240625 0.96953125 0.0078125 0.009375
0 0.17421875 0.8921875 0.0078125 0.0109375
0 0.80390625 0.34296875 0.0109375 0.0171875
0 0.40390625 0.32265625 0.0046875 0.009375
0 0.37578125 0.57109375 0.0078125 0.009375