0 0.5125 0.696875 0.021875 0.03125
0 0.31875 0.8546875 0.0109375 0.0140625
0 0.45 0.834375 0.015625 0.021875
0 0.37265625 0.60859375 0.009375 0.0125
0 0.36875 0.5375 0.015625 0.0234375
0 0.35625 0.57109375 0.0171875 0.01875
0 0.27578125 0.43984375 0.015625 0.021875
0 0.27890625 0.35625 0.0109375 0.0140625
0 0.41015625 0.2140625 0.015625 0.021875
0 0.41640625 0.26640625 0.0109375 0.015625
0 0.16796875 0.82265625 0.0171875 0.025
0 0.18671875 0.1265625 0.01875 0.0203125
0 0.85859375 0.5125 0.015625 0.0203125
0 0.80625 0.69453125 0.0109375 0.0171875
0 0.9515625 0.54296875 0.015625 0.021875
0 0.9375 0.46640625 0.015625 0.0203125
0 0.73828125 0.06015625 0.0171875 0.021875
0 0.859375 0.90625 0.009375 0.0109375
0 0.909375 0.81484375 0.009375 0.0125
0 0.15703125 0.39453125 0.0125 0.01875
0 0.55625 0.2875 0.0046875 0.009375
0 0.6375 0.53359375 0.0078125 0.0109375