0 0.48359375 0.6875 0.0171875 0.02734375
0 0.28046875 0.809375 0.00859375 0.0125
0 0.40703125 0.8078125 0.0125 0.01953125
0 0.3640625 0.5859375 0.00703125 0.0109375
0 0.36953125 0.51875 0.01171875 0.02109375
0 0.35390625 0.5484375 0.0140625 0.01640625
0 0.29453125 0.415625 0.0125 0.01953125
0 0.309375 0.3375 0.0078125 0.0125
0 0.4515625 0.221875 0.01171875 0.01875
0 0.45078125 0.27109375 0.009375 0.0140625
0 0.14375 0.759375 0.01328125 0.02109375
0 0.1578125 0.9375 0.0125 0.015625
0 0.253125 0.11015625 0.01484375 0.01796875
0 0.8328125 0.56015625 0.0125 0.0171875
0 0.76015625 0.7234375 0.009375 0.015625
0 0.91640625 0.60078125 0.0125 0.01875
0 0.91328125 0.52734375 0.01171875 0.0171875
0 0.7796875 0.1203125 0.01328125 0.01875
0 0.78125 0.92890625 0.0078125 0.009375
0 0.840625 0.85 0.0078125 0.01015625
0 0.18984375 0.35703125 0.009375 0.01640625
0 0.57890625 0.309375 0.00390625 0.00859375
0 0.62265625 0.55 0.00703125 0.009375