0 0.72421875 0.1015625 0.01640625 0.01171875
0 0.86953125 0.115625 0.01796875 0.01171875
0 0.934375 0.1828125 0.02109375 0.021875
0 0.73828125 0.159375 0.0265625 0.02109375
0 0.55390625 0.23515625 0.02578125 0.0234375
0 0.740625 0.2546875 0.01640625 0.0125
0 0.875 0.31015625 0.0328125 0.034375
0 0.67109375 0.359375 0.0390625 0.03515625
0 0.56328125 0.38359375 0.015625 0.0125
0 0.74375 0.44609375 0.021875 0.021875
0 0.69609375 0.45 0.0171875 0.01875
0 0.7125 0.43203125 0.01328125 0.0171875
0 0.9125 0.396875 0.02109375 0.021875
0 0.88046875 0.4140625 0.01640625 0.021875
0 0.7125 0.496875 0.0203125 0.0171875
0 0.80234375 0.4921875 0.01796875 0.01484375
0 0.79921875 0.53515625 0.02578125 0.02421875
0 0.696875 0.58828125 0.025 0.01953125
0 0.76796875 0.59453125 0.0171875 0.01015625
0 0.81796875 0.6484375 0.01875 0.01171875
0 0.89921875 0.64296875 0.0171875 0.01328125
0 0.9828125 0.70546875 0.021875 0.0171875
0 0.521875 0.803125 0.01875 0.0125
0 0.57890625 0.7828125 0.01015625 0.0078125
0 0.9578125 0.8484375 0.01171875 0.009375
0 0.06640625 0.55390625 0.0125 0.009375
0 0.17265625 0.621875 0.0078125 0.00703125
0 0.21796875 0.603125 0.01484375 0.01015625
0 0.20390625 0.24453125 0.01328125 0.00859375
0 0.04140625 0.80859375 0.00625 0.0046875
0 0.45546875 0.8 0.01015625 0.00859375
0 0.41796875 0.809375 0.0078125 0.00625
0 0.359375 0.93515625 0.0125 0.01171875
0 0.58984375 0.5109375 0.01484375 0.015625
0 0.9515625 0.478125 0.0171875 0.01171875
0 0.1453125 0.140625 0.00625 0.00625
0 0.059375 0.39296875 0.00625 0.0046875
0 0.5703125 0.3375 0.01328125 0.0203125
0 0.78515625 0.38515625 0.021875 0.01640625
0 0.60859375 0.36484375 0.01328125 0.0125
0 0.1765625 0.778125 0.0078125 0.00625