0 0.2296875 0.1015625 0.01875 0.0140625
0 0.0796875 0.1375 0.0203125 0.0140625
0 0.021875 0.21796875 0.025 0.0265625
0 0.2234375 0.1640625 0.03125 0.025
0 0.4265625 0.215625 0.03125 0.028125
0 0.23515625 0.2640625 0.01875 0.0140625
0 0.103125 0.3421875 0.0390625 0.040625
0 0.32265625 0.36328125 0.046875 0.0421875
0 0.4390625 0.371875 0.01875 0.015625
0 0.259375 0.4640625 0.0265625 0.0265625
0 0.31015625 0.46171875 0.021875 0.021875
0 0.290625 0.44609375 0.0171875 0.0203125
0 0.0765625 0.4375 0.025 0.0265625
0 0.11171875 0.45078125 0.0203125 0.025
0 0.3 0.5125 0.0234375 0.0203125
0 0.20546875 0.52109375 0.0203125 0.01875
0 0.21484375 0.565625 0.03125 0.0296875
0 0.3296875 0.60625 0.028125 0.025
0 0.25625 0.62265625 0.01875 0.0140625
0 0.21171875 0.6875 0.0203125 0.015625
0 0.1265625 0.6921875 0.0203125 0.0171875
0 0.04765625 0.7703125 0.025 0.021875
0 0.54453125 0.8046875 0.021875 0.015625
0 0.48125 0.7921875 0.0125 0.009375
0 0.0953125 0.915625 0.0125 0.0109375
0 0.98359375 0.478125 0.0140625 0.0125
0 0.8828125 0.5640625 0.009375 0.009375
0 0.83203125 0.55078125 0.0171875 0.0125
0 0.79453125 0.175 0.015625 0.0109375
0 0.61328125 0.79140625 0.0109375 0.0109375
0 0.65390625 0.7953125 0.009375 0.0078125
0 0.7328125 0.91875 0.015625 0.0140625
0 0.4296875 0.51015625 0.0171875 0.01875
0 0.04765625 0.52890625 0.0203125 0.015625
0 0.83984375 0.0578125 0.0078125 0.0078125
0 0.96796875 0.3078125 0.00625 0.00625
0 0.425 0.32578125 0.0171875 0.0234375
0 0.2078125 0.40625 0.025 0.0203125
0 0.3890625 0.36015625 0.015625 0.015625
0 0.90234375 0.72734375 0.009375 0.0078125