0 0.31171875 0.03359375 0.01875 0.0140625
0 0.1578125 0.02890625 0.0203125 0.0140625
0 0.08046875 0.0921875 0.025 0.0265625
0 0.28984375 0.0921875 0.03125 0.025
0 0.47265625 0.1953125 0.0296875 0.028125
0 0.27421875 0.1921875 0.01875 0.0140625
0 0.1265625 0.23203125 0.0390625 0.040625
0 0.33359375 0.309375 0.0453125 0.0421875
0 0.44375 0.34921875 0.0171875 0.015625
0 0.246875 0.390625 0.0265625 0.0265625
0 0.2953125 0.4015625 0.0203125 0.021875
0 0.28125 0.38125 0.015625 0.0203125
0 0.07578125 0.31796875 0.025 0.0265625
0 0.1078125 0.33984375 0.0203125 0.025
0 0.27265625 0.4484375 0.0234375 0.0203125
0 0.1796875 0.43203125 0.0203125 0.0171875
0 0.17734375 0.478125 0.0296875 0.0296875
0 0.278125 0.54609375 0.028125 0.0234375
0 0.2015625 0.54375 0.01875 0.0125
0 0.14296875 0.59375 0.0203125 0.0140625
0 0.059375 0.57734375 0.0203125 0.015625
0 0.43359375 0.79296875 0.0203125 0.015625
0 0.37578125 0.765625 0.0125 0.009375
0 0.94296875 0.59140625 0.0140625 0.0109375
0 0.82265625 0.6484375 0.009375 0.009375
0 0.77734375 0.6234375 0.0171875 0.0125
0 0.8375 0.25 0.015625 0.0109375
0 0.93671875 0.86171875 0.00625 0.00625
0 0.503125 0.7984375 0.0109375 0.0109375
0 0.540625 0.81328125 0.0078125 0.0078125
0 0.58671875 0.953125 0.0140625 0.0140625
0 0.39921875 0.4796875 0.0171875 0.01875
0 0.025 0.3984375 0.01875 0.0140625
0 0.91328125 0.1484375 0.00625 0.00625
0 0.97109375 0.42421875 0.00625 0.0046875
0 0.44296875 0.3 0.0171875 0.021875
0 0.21171875 0.321875 0.025 0.0203125
0 0.3984375 0.325 0.015625 0.015625
0 0.7984375 0.8125 0.009375 0.0078125