0 0.325 0.07734375 0.05 0.0515625
0 0.278125 0.3875 0.0421875 0.0421875
0 0.08046875 0.5640625 0.0375 0.040625
0 0.25 0.61015625 0.0359375 0.0390625
0 0.5953125 0.596875 0.0296875 0.0359375
0 0.678125 0.51015625 0.0296875 0.034375
0 0.33984375 0.78359375 0.05625 0.0578125
0 0.65703125 0.88203125 0.05625 0.046875
0 0.5765625 0.92421875 0.028125 0.03125
0 0.92421875 0.9125 0.040625 0.0421875
0 0.946875 0.14453125 0.03125 0.0359375
0 0.30546875 0.20859375 0.0296875 0.0421875
0 0.27890625 0.140625 0.0359375 0.03125
0 0.37421875 0.12109375 0.0390625 0.0265625
0 0.48828125 0.21875 0.0296875 0.03125
0 0.253125 0.94921875 0.065625 0.0453125