0 0.58828125 0.009375 0.0515625 0.01875
0 0.70703125 0.31015625 0.0453125 0.0453125
0 0.95625 0.45234375 0.0421875 0.04375
0 0.78671875 0.53984375 0.0375 0.040625
0 0.41875 0.603125 0.03125 0.0390625
0 0.31171875 0.5296875 0.0328125 0.0359375
0 0.73046875 0.74296875 0.0609375 0.0625
0 0.4171875 0.91796875 0.0609375 0.0515625
0 0.51171875 0.94453125 0.0296875 0.0328125
0 0.1421875 0.99375 0.04375 0.0125
0 0.63828125 0.12734375 0.03125 0.0453125
0 0.65078125 0.05 0.0375 0.0328125
0 0.5453125 0.05078125 0.0421875 0.0296875
0 0.446875 0.17890625 0.03125 0.034375
0 0.859375 0.8984375 0.0703125 0.05