0 0.3703125 0.06171875 0.0453125 0.046875
0 0.29140625 0.36484375 0.03828125 0.03828125
0 0.07578125 0.51953125 0.034375 0.0375
0 0.23984375 0.58359375 0.03203125 0.03515625
0 0.584375 0.60625 0.02578125 0.0328125
0 0.67578125 0.52890625 0.0265625 0.03125
0 0.3109375 0.765625 0.05078125 0.053125
0 0.61640625 0.89609375 0.05234375 0.04140625
0 0.53203125 0.9296875 0.025 0.028125
0 0.87890625 0.9546875 0.03671875 0.03828125
0 0.98125 0.19296875 0.02734375 0.0328125
0 0.33671875 0.18984375 0.02578125 0.03984375
0 0.31796875 0.11953125 0.0328125 0.028125
0 0.41484375 0.11015625 0.0375 0.0234375
0 0.51796875 0.21875 0.0265625 0.02890625
0 0.2078125 0.92109375 0.06171875 0.03984375