2 0.3671875 0.20546875 0.0484375 0.046875
0 0.578125 0.26640625 0.003125 0.003125
0 0.58671875 0.31328125 0.0046875 0.003125
0 0.6953125 0.225 0.003125 0.003125
0 0.7046875 0.39765625 0.003125 0.003125
0 0.865625 0.5125 0.003125 0.003125
0 0.85078125 0.51484375 0.003125 0.003125
0 0.85390625 0.38828125 0.003125 0.003125
0 0.80703125 0.3421875 0.0015625 0.003125
0 0.71953125 0.28984375 0.0046875 0.003125
0 0.69140625 0.284375 0.0046875 0.003125
0 0.43515625 0.2453125 0.003125 0.003125
2 0.27265625 0.2203125 0.0375 0.0578125
0 0.565625 0.74765625 0.00625 0.0046875
0 0.809375 0.7203125 0.0046875 0.003125
0 0.7296875 0.66875 0.003125 0.003125
0 0.64453125 0.62734375 0.0046875 0.0046875
0 0.896875 0.47421875 0.003125 0.0046875
0 0.77890625 0.42734375 0.003125 0.003125
0 0.6921875 0.159375 0.00625 0.0046875
0 0.29765625 0.29375 0.003125 0.003125