2 0.534375 0.4609375 0.15078125 0.15546875
0 0.5296875 0.3078125 0.0203125 0.021875
0 0.24609375 0.56875 0.01484375 0.01328125
0 0.21875 0.54375 0.01171875 0.01328125
0 0.22265625 0.56640625 0.0109375 0.01328125
0 0.5734375 0.55 0.015625 0.0203125
0 0.5578125 0.32734375 0.0171875 0.01796875
0 0.61171875 0.5578125 0.01640625 0.01953125
0 0.2984375 0.625 0.0140625 0.0125
0 0.2859375 0.60078125 0.0109375 0.0109375
0 0.34765625 0.57578125 0.01875 0.0171875
0 0.359375 0.60234375 0.0125 0.01328125
0 0.22421875 0.503125 0.0125 0.0140625
0 0.4109375 0.46328125 0.015625 0.01484375
0 0.43515625 0.446875 0.01953125 0.01328125
0 0.5234375 0.5609375 0.01484375 0.0171875
0 0.66484375 0.62734375 0.0140625 0.015625
0 0.2375 0.6078125 0.01328125 0.0125
0 0.378125 0.534375 0.0171875 0.01640625
0 0.3265625 0.53046875 0.01015625 0.0109375
0 0.62578125 0.4859375 0.0109375 0.01640625