2 0.41875 0.45078125 0.10859375 0.14609375
0 0.4734375 0.48203125 0.0125 0.01171875
0 0.4234375 0.65078125 0.0125 0.01640625
0 0.33671875 0.0578125 0.0109375 0.01171875
0 0.421875 0.16015625 0.00859375 0.009375
0 0.5375 0.19765625 0.0078125 0.0078125
0 0.4546875 0.23828125 0.0078125 0.0078125
0 0.31015625 0.30546875 0.00546875 0.0078125
0 0.8390625 0.7453125 0.01015625 0.01171875
0 0.83828125 0.76953125 0.01171875 0.01171875
0 0.8953125 0.83046875 0.01171875 0.0109375
0 0.8765625 0.82421875 0.00703125 0.00859375