2 0.5484375 0.3359375 0.08125 0.071875
2 0.2078125 0.23046875 0.059375 0.0515625
2 0.425 0.578125 0.06875 0.05625
2 0.0203125 0.44375 0.040625 0.0625
2 0.56015625 0.95703125 0.0625 0.0421875
0 0.58984375 0.7125 0.00625 0.00625
0 0.8453125 0.4734375 0.0109375 0.009375
0 0.81796875 0.1828125 0.0171875 0.015625
0 0.16953125 0.2859375 0.0078125 0.0078125
0 0.46875 0.634375 0.0140625 0.0140625
0 0.49609375 0.69765625 0.00625 0.0078125
0 0.49765625 0.95078125 0.0078125 0.0078125
0 0.16875 0.465625 0.0078125 0.0078125
0 0.465625 0.1671875 0.00625 0.00625
0 0.5484375 0.496875 0.0046875 0.003125
0 0.696875 0.2765625 0.0078125 0.0078125
0 0.06484375 0.15078125 0.00625 0.00625
0 0.19453125 0.6125 0.0078125 0.0078125