2 0.71484375 0.11171875 0.04375 0.0328125
0 0.6578125 0.6796875 0.00546875 0.00546875
0 0.59609375 0.65390625 0.00234375 0.00234375
0 0.57421875 0.678125 0.00234375 0.00234375
0 0.796875 0.228125 0.003125 0.00234375
0 0.76796875 0.19375 0.003125 0.003125
0 0.690625 0.16171875 0.003125 0.003125
0 0.7765625 0.11171875 0.0046875 0.00390625
0 0.3328125 0.6234375 0.0015625 0.003125
0 0.55703125 0.63125 0.00234375 0.00234375
0 0.40078125 0.55703125 0.0046875 0.00390625
0 0.384375 0.55859375 0.003125 0.003125
0 0.38984375 0.55859375 0.00625 0.003125
0 0.3703125 0.5484375 0.00234375 0.003125
0 0.35234375 0.56796875 0.003125 0.003125
0 0.35078125 0.59921875 0.00234375 0.00390625
0 0.359375 0.60078125 0.00390625 0.00234375
0 0.35234375 0.596875 0.003125 0.00234375
0 0.309375 0.590625 0.00234375 0.00234375
0 0.32109375 0.6359375 0.003125 0.003125
0 0.309375 0.6875 0.00234375 0.00234375
0 0.45390625 0.60546875 0.0015625 0.0015625
0 0.4671875 0.6265625 0.00234375 0.00234375
0 0.54375 0.6171875 0.00234375 0.00234375
0 0.56640625 0.62734375 0.0015625 0.0015625
0 0.803125 0.8765625 0.0046875 0.00234375