2 0.93515625 0.3859375 0.06953125 0.10234375
0 0.490625 0.48203125 0.0140625 0.0125
0 0.553125 0.6234375 0.00625 0.00546875
0 0.60859375 0.56328125 0.00546875 0.00546875
0 0.36484375 0.4859375 0.009375 0.0078125
0 0.37265625 0.56171875 0.00703125 0.00625
0 0.3859375 0.6671875 0.00625 0.00625
0 0.371875 0.765625 0.00859375 0.0078125
0 0.28515625 0.9 0.00625 0.0046875
0 0.1640625 0.95234375 0.00546875 0.0046875
0 0.296875 0.925 0.00703125 0.00625
0 0.303125 0.91796875 0.00703125 0.00546875
0 0.6109375 0.4921875 0.01015625 0.01484375
0 0.709375 0.56015625 0.0078125 0.00546875
0 0.2203125 0.11484375 0.0125 0.01328125
0 0.153125 0.05625 0.0140625 0.0140625
0 0.15703125 0.0390625 0.0140625 0.01640625
0 0.16328125 0.26484375 0.00625 0.0078125
0 0.5328125 0.3578125 0.00859375 0.0078125
0 0.47109375 0.315625 0.00859375 0.00859375
0 0.35859375 0.78359375 0.00546875 0.00390625
0 0.79375 0.2890625 0.01953125 0.01640625
0 0.95703125 0.55 0.00859375 0.01015625
0 0.3453125 0.16640625 0.00859375 0.00703125
0 0.23203125 0.10390625 0.00859375 0.00703125
0 0.47109375 0.24140625 0.00625 0.0078125
0 0.6515625 0.21484375 0.0046875 0.00625
0 0.6078125 0.13125 0.00625 0.00703125
0 0.79609375 0.06953125 0.00546875 0.00625
0 0.87734375 0.0328125 0.0046875 0.00546875
0 0.396875 0.03125 0.00703125 0.00546875
0 0.1921875 0.009375 0.009375 0.009375
0 0.18828125 0.05234375 0.00625 0.00546875
0 0.303125 0.09609375 0.00625 0.00625
0 0.39296875 0.11640625 0.0078125 0.00703125
0 0.33203125 0.27578125 0.00703125 0.00625
0 0.2453125 0.40546875 0.00703125 0.0078125
0 0.93125 0.2625 0.00546875 0.00546875
0 0.5328125 0.2984375 0.00390625 0.0046875
0 0.55390625 0.2765625 0.00703125 0.00625
0 0.61796875 0.31328125 0.00546875 0.00546875
0 0.390625 0.23828125 0.00625 0.00546875
0 0.28515625 0.28828125 0.00546875 0.00703125
0 0.321875 0.2453125 0.00859375 0.00703125
0 0.20234375 0.1859375 0.00703125 0.00625
0 0.50390625 0.0484375 0.00546875 0.0046875
0 0.46015625 0.31875 0.00546875 0.0046875
0 0.51953125 0.503125 0.00625 0.00546875
0 0.6671875 0.48671875 0.0078125 0.00625
0 0.8296875 0.51875 0.00546875 0.0046875
0 0.8203125 0.5109375 0.0078125 0.00625
0 0.33203125 0.36796875 0.0078125 0.00703125
0 0.36328125 0.3890625 0.00546875 0.00546875
2 0.453125 0.8 0.06796875 0.0515625
0 0.3140625 0.8375 0.00859375 0.00625
0 0.334375 0.865625 0.00625 0.00546875
0 0.01171875 0.90546875 0.00625 0.00390625
0 0.1546875 0.71953125 0.0046875 0.003125
0 0.28203125 0.7125 0.003125 0.00390625
0 0.4 0.7171875 0.00546875 0.00390625
0 0.42578125 0.46953125 0.00546875 0.00390625
0 0.5078125 0.48515625 0.0046875 0.00390625
0 0.93984375 0.65625 0.00546875 0.00390625