0 0.29609375 0.10625 0.01484375 0.015625
0 0.4921875 0.07890625 0.01171875 0.01328125
0 0.925 0.39765625 0.01328125 0.01796875
0 0.91015625 0.3609375 0.0078125 0.009375
0 0.88828125 0.55546875 0.00546875 0.00703125
0 0.70546875 0.58984375 0.0109375 0.0109375
0 0.709375 0.57734375 0.01640625 0.01015625
0 0.5609375 0.67578125 0.015625 0.01484375
0 0.55390625 0.69375 0.01171875 0.009375
0 0.55234375 0.80078125 0.01328125 0.01171875
0 0.63984375 0.96796875 0.0125 0.009375
0 0.65078125 0.9953125 0.0109375 0.009375
0 0.43828125 0.89375 0.0125 0.009375
0 0.31640625 0.70859375 0.01171875 0.0140625
0 0.35078125 0.55859375 0.00625 0.00703125
0 0.58046875 0.440625 0.01171875 0.01015625
0 0.584375 0.48046875 0.009375 0.01484375
0 0.315625 0.10390625 0.009375 0.01171875
0 0.325 0.60078125 0.01484375 0.01640625
0 0.18046875 0.5203125 0.01015625 0.0078125
0 0.33125 0.83203125 0.00859375 0.0109375
0 0.2796875 0.83046875 0.01171875 0.0109375
0 0.26171875 0.81171875 0.0125 0.01015625
0 0.02421875 0.87578125 0.00859375 0.00625