2 0.88828125 0.6265625 0.02265625 0.028125
0 0.853125 0.29765625 0.003125 0.00234375
2 0.409375 0.30546875 0.02890625 0.0296875
2 0.35859375 0.39765625 0.04765625 0.03046875
0 0.7703125 0.81796875 0.00390625 0.003125
0 0.9171875 0.60390625 0.00234375 0.00234375
0 0.9140625 0.621875 0.0015625 0.0015625
0 0.771875 0.69453125 0.00234375 0.003125
0 0.3609375 0.58984375 0.003125 0.003125
0 0.340625 0.6046875 0.00234375 0.00234375
0 0.40859375 0.503125 0.00234375 0.00234375
0 0.88515625 0.4203125 0.00234375 0.003125
0 0.91015625 0.50546875 0.00234375 0.003125
0 0.89375 0.48671875 0.0015625 0.0015625
0 0.8796875 0.4359375 0.0015625 0.0015625
0 0.509375 0.315625 0.0046875 0.00390625
0 0.6125 0.28515625 0.00234375 0.00234375
0 0.6546875 0.31953125 0.00234375 0.00234375