2 0.4015625 0.9109375 0.034375 0.0375
0 0.47265625 0.94453125 0.003125 0.003125
0 0.54296875 0.8671875 0.0046875 0.003125
0 0.6375 0.7921875 0.00625 0.00625
0 0.8390625 0.7890625 0.003125 0.0046875
0 0.8046875 0.4375 0.009375 0.009375
0 0.78046875 0.325 0.0046875 0.00625
0 0.60234375 0.65859375 0.0046875 0.0046875
0 0.553125 0.68671875 0.003125 0.003125
0 0.5640625 0.69140625 0.003125 0.003125
0 0.578125 0.68046875 0.003125 0.003125
0 0.45 0.5359375 0.00625 0.00625
0 0.35625 0.64375 0.003125 0.0046875
0 0.9390625 0.60625 0.003125 0.003125
0 0.34296875 0.56796875 0.003125 0.003125
0 0.30703125 0.646875 0.003125 0.003125
0 0.440625 0.675 0.003125 0.003125
0 0.53359375 0.83359375 0.0046875 0.0046875
0 0.55 0.6578125 0.003125 0.003125
0 0.48203125 0.6953125 0.003125 0.0046875
0 0.3671875 0.728125 0.003125 0.003125
0 0.540625 0.68984375 0.0046875 0.003125
0 0.528125 0.71640625 0.003125 0.003125
0 0.3953125 0.646875 0.003125 0.003125
0 0.41875 0.65078125 0.003125 0.003125
2 0.815625 0.925 0.0125 0.0109375