2 0.878125 0.6765625 0.0359375 0.0359375
2 0.71171875 0.67421875 0.0328125 0.034375
0 0.60078125 0.1078125 0.003125 0.0046875
2 0.4546875 0.0265625 0.025 0.028125
2 0.40234375 0.24296875 0.021875 0.025
0 0.403125 0.24609375 0.003125 0.003125
2 0.4953125 0.2953125 0.028125 0.0296875
0 0.83984375 0.33515625 0.00625 0.00625
0 0.82421875 0.39296875 0.0046875 0.003125
0 0.8015625 0.45546875 0.0265625 0.025
0 0.89921875 0.49765625 0.00625 0.00625
0 0.94453125 0.50390625 0.0046875 0.003125
0 0.8703125 0.51484375 0.003125 0.003125
0 0.896875 0.56796875 0.003125 0.003125
0 0.9125 0.43515625 0.0046875 0.003125
0 0.88125 0.3265625 0.003125 0.003125
0 0.8484375 0.36328125 0.003125 0.003125
0 0.8703125 0.3828125 0.003125 0.003125
0 0.828125 0.35390625 0.003125 0.003125
0 0.76640625 0.34765625 0.003125 0.003125
0 0.69609375 0.490625 0.003125 0.003125
0 0.65625 0.48984375 0.003125 0.0015625
0 0.61484375 0.5671875 0.0046875 0.0046875
0 0.609375 0.5890625 0.0015625 0.0015625
0 0.60546875 0.5546875 0.0046875 0.003125
0 0.496875 0.49140625 0.003125 0.0046875
0 0.4515625 0.2953125 0.0046875 0.003125
0 0.8171875 0.728125 0.0046875 0.003125
0 0.8875 0.71171875 0.003125 0.003125
2 0.92890625 0.809375 0.04375 0.0421875
0 0.64140625 0.95625 0.0046875 0.003125
0 0.54296875 0.98125 0.00625 0.003125
0 0.63671875 0.83671875 0.003125 0.003125
0 0.584375 0.79453125 0.0046875 0.003125
0 0.58515625 0.7921875 0.003125 0.0015625
0 0.3984375 0.659375 0.003125 0.003125
0 0.40625 0.6609375 0.003125 0.0015625
0 0.56015625 0.69140625 0.0046875 0.003125
2 0.90078125 0.6640625 0.0296875 0.0359375
2 0.64453125 0.53203125 0.0234375 0.0171875
0 0.81953125 0.56015625 0.0046875 0.0046875
0 0.86015625 0.54609375 0.00625 0.00625
0 0.77421875 0.6140625 0.0046875 0.003125
0 0.6546875 0.62734375 0.003125 0.003125
0 0.66953125 0.625 0.003125 0.003125
0 0.64453125 0.63515625 0.0015625 0.0015625
0 0.68671875 0.746875 0.003125 0.0015625
0 0.65546875 0.7296875 0.003125 0.003125
0 0.621875 0.8234375 0.003125 0.003125
0 0.5890625 0.853125 0.0046875 0.003125
0 0.5609375 0.88671875 0.003125 0.003125
0 0.8546875 0.86484375 0.003125 0.003125
0 0.94921875 0.790625 0.003125 0.0046875
0 0.66015625 0.60859375 0.003125 0.0046875
0 0.66171875 0.61953125 0.003125 0.003125
0 0.6609375 0.621875 0.003125 0.0015625
0 0.64609375 0.5875 0.003125 0.003125
0 0.5765625 0.5515625 0.003125 0.003125
2 0.73515625 0.8046875 0.0203125 0.01875