2 0.75625 0.290625 0.040625 0.03125
2 0.74921875 0.4234375 0.0421875 0.0359375
2 0.80859375 0.5125 0.0265625 0.0234375
0 0.89296875 0.55078125 0.0046875 0.0046875
0 0.98515625 0.55625 0.0046875 0.0046875
0 0.7890625 0.32578125 0.00625 0.00625
0 0.73203125 0.35390625 0.003125 0.003125
0 0.721875 0.38125 0.0046875 0.0046875
0 0.83984375 0.38984375 0.0046875 0.003125
0 0.79296875 0.4375 0.00625 0.0046875
0 0.85078125 0.55703125 0.003125 0.003125
0 0.81875 0.5921875 0.003125 0.003125
0 0.83984375 0.6484375 0.003125 0.003125
0 0.79921875 0.65625 0.0046875 0.003125
0 0.903125 0.65546875 0.00625 0.0046875
0 0.96484375 0.72890625 0.003125 0.003125
0 0.9234375 0.74296875 0.0046875 0.003125
0 0.92890625 0.84296875 0.003125 0.003125
0 0.89375 0.83671875 0.0046875 0.0078125
0 0.896875 0.89296875 0.0015625 0.0015625
0 0.8125 0.8953125 0.003125 0.003125
0 0.67734375 0.8875 0.00625 0.0046875
0 0.67265625 0.8828125 0.003125 0.003125
0 0.65703125 0.87578125 0.003125 0.0015625
0 0.62734375 0.76796875 0.003125 0.0015625
0 0.59921875 0.72421875 0.0046875 0.003125
0 0.67890625 0.734375 0.003125 0.0015625
0 0.6421875 0.73203125 0.003125 0.0015625
0 0.63671875 0.61796875 0.00625 0.00625
0 0.634375 0.63359375 0.0015625 0.003125
0 0.6265625 0.6265625 0.003125 0.0015625
0 0.73125 0.79375 0.0046875 0.003125
0 0.82421875 0.76953125 0.003125 0.0015625
0 0.6640625 0.6890625 0.003125 0.003125
0 0.965625 0.60078125 0.003125 0.003125
0 0.9625 0.596875 0.0046875 0.0046875
0 0.925 0.60234375 0.003125 0.003125
0 0.94140625 0.5578125 0.003125 0.003125
0 0.9484375 0.49296875 0.0046875 0.003125
0 0.95078125 0.4875 0.003125 0.003125
0 0.77734375 0.4296875 0.0046875 0.0046875
0 0.78359375 0.43359375 0.003125 0.003125
0 0.85703125 0.365625 0.003125 0.003125
0 0.8515625 0.36875 0.003125 0.003125
0 0.88671875 0.34921875 0.003125 0.003125
0 0.8828125 0.35078125 0.003125 0.003125
0 0.971875 0.55 0.003125 0.003125
0 0.6734375 0.8546875 0.003125 0.003125
0 0.59375 0.746875 0.003125 0.003125
0 0.459375 0.54375 0.003125 0.003125
0 0.51328125 0.5390625 0.003125 0.0046875
0 0.60546875 0.565625 0.0015625 0.0015625
0 0.55859375 0.56796875 0.003125 0.0015625
0 0.759375 0.60703125 0.0046875 0.003125
0 0.8375 0.51875 0.003125 0.003125
0 0.83828125 0.61953125 0.003125 0.003125
2 0.64765625 0.93125 0.0125 0.0109375