2 0.58046875 0.63203125 0.11875 0.1015625
0 0.8140625 0.35546875 0.0125 0.0125
0 0.61171875 0.46796875 0.015625 0.0125
0 0.64609375 0.52109375 0.0109375 0.0109375
0 0.66015625 0.55 0.0078125 0.0078125
0 0.65703125 0.6421875 0.0140625 0.0125
0 0.46953125 0.51328125 0.0109375 0.009375
0 0.46328125 0.459375 0.0109375 0.0109375
0 0.34765625 0.4953125 0.009375 0.0078125
0 0.884375 0.515625 0.0078125 0.0109375
0 0.66796875 0.578125 0.0109375 0.009375
0 0.13515625 0.74765625 0.0171875 0.015625
2 0.8890625 0.8125 0.0578125 0.059375
2 0.90625 0.7546875 0.046875 0.05625
0 0.94375 0.42421875 0.0125 0.009375