2 0.3921875 0.41640625 0.0671875 0.05859375
2 0.21171875 0.90703125 0.05 0.04453125
2 0.36171875 0.70859375 0.0828125 0.071875
2 0.73671875 0.1171875 0.08203125 0.059375
0 0.1859375 0.61328125 0.0078125 0.0078125
0 0.02109375 0.9703125 0.009375 0.00859375
0 0.42421875 0.56953125 0.00625 0.00625
0 0.26796875 0.74140625 0.0125 0.0109375
0 0.3140625 0.4828125 0.01015625 0.0109375
0 0.11015625 0.50703125 0.00703125 0.0046875
0 0.1015625 0.50234375 0.00078125 0.00234375
0 0.0984375 0.5109375 0.00390625 0.00390625