2 0.89921875 0.64921875 0.0359375 0.0359375
2 0.72578125 0.659375 0.0328125 0.034375
0 0.56875 0.075 0.003125 0.0046875
2 0.40859375 0.00703125 0.0234375 0.0140625
2 0.36953125 0.23125 0.0203125 0.025
0 0.37109375 0.2328125 0.003125 0.003125
2 0.471875 0.278125 0.028125 0.028125
0 0.8359375 0.29453125 0.00625 0.00625
0 0.8234375 0.35625 0.0046875 0.003125
0 0.803125 0.42265625 0.0265625 0.025
0 0.90859375 0.46015625 0.00625 0.0046875
0 0.95703125 0.4640625 0.0046875 0.003125
0 0.88046875 0.48125 0.0046875 0.003125
0 0.9109375 0.53515625 0.003125 0.003125
0 0.91796875 0.39375 0.0046875 0.003125
0 0.87734375 0.2828125 0.003125 0.003125
0 0.8453125 0.3234375 0.003125 0.003125
0 0.8703125 0.34375 0.003125 0.003125
0 0.82421875 0.31484375 0.003125 0.003125
0 0.75859375 0.31328125 0.003125 0.003125
0 0.696875 0.46796875 0.003125 0.003125
0 0.6546875 0.4703125 0.003125 0.003125
0 0.6171875 0.55390625 0.00625 0.00625
0 0.6125 0.578125 0.0015625 0.0015625
0 0.60625 0.5421875 0.0046875 0.003125
0 0.4875 0.48359375 0.003125 0.0046875
0 0.42578125 0.28203125 0.0046875 0.0046875
0 0.83984375 0.7078125 0.0046875 0.003125
0 0.9125 0.6859375 0.003125 0.003125
2 0.96015625 0.784375 0.0375 0.040625
0 0.6734375 0.96015625 0.0046875 0.003125
0 0.571875 0.9921875 0.0078125 0.003125
0 0.65859375 0.834375 0.003125 0.003125
0 0.6015625 0.79453125 0.00625 0.003125
0 0.6015625 0.79140625 0.003125 0.0015625
0 0.396875 0.66640625 0.003125 0.003125
0 0.40546875 0.66640625 0.003125 0.003125
0 0.5671875 0.68828125 0.0046875 0.003125
2 0.9234375 0.63515625 0.028125 0.0359375
2 0.6453125 0.515625 0.0234375 0.015625
0 0.8296875 0.53125 0.0046875 0.0046875
0 0.871875 0.5140625 0.00625 0.00625
0 0.78671875 0.590625 0.0046875 0.003125
0 0.6625 0.6140625 0.003125 0.003125
0 0.67734375 0.6109375 0.003125 0.003125
0 0.653125 0.62265625 0.0015625 0.0015625
0 0.70625 0.73671875 0.003125 0.0015625
0 0.67109375 0.72109375 0.003125 0.003125
0 0.64296875 0.821875 0.003125 0.003125
0 0.61015625 0.8546875 0.0046875 0.003125
0 0.58359375 0.8921875 0.003125 0.003125
0 0.8890625 0.84765625 0.003125 0.003125
0 0.66640625 0.59375 0.003125 0.0046875
0 0.66875 0.60546875 0.003125 0.003125
0 0.66953125 0.6078125 0.003125 0.0015625
0 0.65078125 0.57265625 0.003125 0.003125
0 0.575 0.54140625 0.003125 0.003125
2 0.75859375 0.79375 0.01875 0.01875