2 0.28515625 0.2734375 0.0359375 0.025
2 0.271875 0.40078125 0.03671875 0.02890625
2 0.20234375 0.4765625 0.0234375 0.01953125
0 0.11640625 0.50078125 0.0046875 0.0046875
0 0.02734375 0.49140625 0.00390625 0.00390625
0 0.24921875 0.3015625 0.00546875 0.00546875
0 0.29921875 0.3375 0.003125 0.003125
0 0.3046875 0.36484375 0.0046875 0.0046875
0 0.190625 0.35546875 0.00390625 0.003125
0 0.228125 0.4078125 0.0046875 0.00390625
0 0.15546875 0.5125 0.003125 0.00234375
0 0.18046875 0.5515625 0.00234375 0.00234375
0 0.15234375 0.6015625 0.003125 0.00234375
0 0.1890625 0.615625 0.0046875 0.003125
0 0.090625 0.5984375 0.0046875 0.003125
0 0.0015625 0.5953125 0.00234375 0.00234375
0 0.00390625 0.6125 0.00234375 0.00234375
0 0.02109375 0.659375 0.00234375 0.00234375
0 0.05859375 0.67890625 0.00390625 0.003125
0 0.0375 0.7734375 0.00234375 0.00234375
0 0.07265625 0.77265625 0.003125 0.00625
0 0.0609375 0.82578125 0.0015625 0.0015625
0 0.140625 0.83984375 0.00234375 0.00234375
0 0.27109375 0.853125 0.00546875 0.003125
0 0.27578125 0.85 0.003125 0.00234375
0 0.29140625 0.8453125 0.00234375 0.0015625
0 0.3359375 0.746875 0.00234375 0.0015625
0 0.36953125 0.71015625 0.003125 0.00234375
0 0.29296875 0.70703125 0.00234375 0.0015625
0 0.328125 0.7109375 0.0015625 0.0015625
0 0.35 0.603125 0.00546875 0.0046875
0 0.35 0.61796875 0.0015625 0.0015625
0 0.35859375 0.61328125 0.00234375 0.0015625
0 0.23359375 0.75625 0.00390625 0.003125
0 0.1484375 0.71875 0.003125 0.0015625
0 0.3140625 0.66640625 0.003125 0.003125
0 0.03984375 0.5375 0.00234375 0.00234375
0 0.04296875 0.53359375 0.00390625 0.0046875
0 0.078125 0.54453125 0.003125 0.00234375
0 0.06875 0.5 0.00234375 0.003125
0 0.07265625 0.43671875 0.00390625 0.003125
0 0.07109375 0.43125 0.00234375 0.00234375
0 0.24375 0.40234375 0.00390625 0.00390625
0 0.23828125 0.4046875 0.00234375 0.00234375
0 0.17734375 0.3296875 0.003125 0.003125
0 0.1828125 0.33359375 0.00234375 0.00234375
0 0.15234375 0.309375 0.00234375 0.00234375
0 0.15625 0.31171875 0.003125 0.00234375
0 0.04140625 0.4875 0.00234375 0.00234375
0 0.2796875 0.82265625 0.00234375 0.00234375
0 0.371875 0.73203125 0.003125 0.003125
0 0.53046875 0.559375 0.003125 0.00234375
0 0.47890625 0.546875 0.003125 0.00390625
0 0.38671875 0.5578125 0.0015625 0.00078125
0 0.43203125 0.5671875 0.0015625 0.00078125
0 0.23515625 0.57421875 0.00390625 0.00234375
0 0.17421875 0.478125 0.00234375 0.00234375
0 0.1578125 0.57421875 0.00234375 0.00234375
2 0.2921875 0.9 0.0109375 0.00859375