2 0.23984375 0.43984375 0.05390625 0.04609375
2 0.459375 0.69140625 0.025 0.02421875
0 0.47578125 0.6828125 0.0046875 0.003125
0 0.584375 0.6140625 0.00390625 0.003125
0 0.6375 0.6 0.00234375 0.0015625
0 0.63671875 0.60390625 0.00234375 0.00234375
0 0.34609375 0.2890625 0.003125 0.00390625
0 0.284375 0.42265625 0.00234375 0.00234375
0 0.15546875 0.4640625 0.00234375 0.003125
0 0.18046875 0.52265625 0.00234375 0.00234375
0 0.3703125 0.82734375 0.00390625 0.003125
0 0.4296875 0.5796875 0.003125 0.003125