0 0.49609375 0.2046875 0.003125 0.0046875
0 0.45546875 0.1984375 0.003125 0.00625
0 0.4640625 0.18671875 0.003125 0.003125
0 0.6078125 0.65625 0.0046875 0.0046875
0 0.60546875 0.6578125 0.003125 0.00625
0 0.58671875 0.78359375 0.003125 0.00625
0 0.51796875 0.90859375 0.003125 0.0046875
0 0.34765625 0.47890625 0.003125 0.003125
0 0.4578125 0.61796875 0.0015625 0.0015625
0 0.45234375 0.525 0.003125 0.003125
0 0.4015625 0.28203125 0.003125 0.003125
0 0.39765625 0.2765625 0.0015625 0.003125
0 0.37109375 0.2609375 0.003125 0.003125
0 0.384375 0.240625 0.003125 0.003125
2 0.590625 0.31953125 0.0140625 0.01875