2 0.5234375 0.33828125 0.0671875 0.05625
2 0.19453125 0.296875 0.0484375 0.040625
2 0.44921875 0.58125 0.05703125 0.04375
2 0.04921875 0.52421875 0.0484375 0.05390625
2 0.634375 0.90703125 0.05390625 0.03046875
0 0.621875 0.678125 0.00546875 0.0046875
0 0.81796875 0.4171875 0.009375 0.00625
0 0.74609375 0.1546875 0.0140625 0.01171875
0 0.19453125 0.07109375 0.00546875 0.0078125
0 0.16796875 0.3546875 0.00625 0.00546875
0 0.49921875 0.625 0.0109375 0.0109375
0 0.534375 0.6796875 0.00546875 0.00546875
0 0.5765625 0.91171875 0.00625 0.00625
0 0.196875 0.51875 0.00703125 0.00703125
0 0.42109375 0.196875 0.00546875 0.0046875
0 0.54921875 0.48671875 0.00390625 0.00234375
0 0.65078125 0.26015625 0.00546875 0.00625
0 0.05 0.24609375 0.0046875 0.00546875
0 0.24375 0.65 0.00625 0.00625