2 0.09921875 0.6125 0.03125 0.03203125
2 0.2625 0.6359375 0.02890625 0.03046875
0 0.459375 0.096875 0.003125 0.003125
2 0.61640625 0.03984375 0.02109375 0.02421875
2 0.634375 0.2609375 0.01796875 0.021875
0 0.6328125 0.2625 0.00234375 0.00234375
2 0.534375 0.296875 0.025 0.025
0 0.1890625 0.28203125 0.00546875 0.00546875
0 0.19609375 0.3421875 0.00390625 0.003125
0 0.20859375 0.40625 0.0234375 0.021875
0 0.10625 0.4328125 0.00546875 0.0046875
0 0.06015625 0.43203125 0.00390625 0.003125
0 0.13125 0.4546875 0.003125 0.003125
0 0.09765625 0.503125 0.00234375 0.00234375
0 0.10234375 0.36953125 0.00390625 0.003125
0 0.15 0.2671875 0.00234375 0.00234375
0 0.17734375 0.30859375 0.00234375 0.00234375
0 0.15234375 0.325 0.003125 0.003125
0 0.1984375 0.303125 0.003125 0.00234375
0 0.26015625 0.30625 0.00234375 0.00234375
0 0.30625 0.4578125 0.00234375 0.00234375
0 0.3453125 0.46328125 0.00234375 0.0015625
0 0.37421875 0.5453125 0.0046875 0.0046875
0 0.3765625 0.56875 0.0015625 0.0015625
0 0.3859375 0.53515625 0.003125 0.003125
0 0.503125 0.4890625 0.003125 0.00390625
0 0.57734375 0.30390625 0.00390625 0.003125
0 0.15 0.67265625 0.003125 0.003125
0 0.084375 0.6453125 0.003125 0.00234375
2 0.028125 0.734375 0.0375 0.0359375
0 0.2875 0.92421875 0.00390625 0.003125
0 0.3796875 0.96328125 0.00625 0.00234375
0 0.31171875 0.80703125 0.00234375 0.00234375
0 0.36875 0.7734375 0.0046875 0.00234375
0 0.36875 0.77109375 0.00234375 0.0015625
0 0.57265625 0.6703125 0.00234375 0.00234375
0 0.5640625 0.66953125 0.00234375 0.0015625
0 0.409375 0.6765625 0.00390625 0.00234375
2 0.078125 0.59609375 0.02421875 0.03203125
2 0.35078125 0.50703125 0.02109375 0.01328125
0 0.175 0.50625 0.0046875 0.00390625
0 0.13671875 0.48671875 0.00625 0.0046875
0 0.2109375 0.56640625 0.00390625 0.003125
0 0.32578125 0.5984375 0.00234375 0.003125
0 0.31171875 0.59375 0.00234375 0.00234375
0 0.334375 0.60703125 0.0015625 0.0015625
0 0.275 0.7109375 0.00234375 0.0015625
0 0.30859375 0.6984375 0.003125 0.00234375
0 0.32734375 0.79609375 0.00234375 0.003125
0 0.35546875 0.83046875 0.00390625 0.003125
0 0.37734375 0.86796875 0.003125 0.00234375
0 0.09296875 0.80078125 0.003125 0.00234375
0 0.0109375 0.7125 0.003125 0.00390625
0 0.3234375 0.57890625 0.00234375 0.00390625
0 0.32109375 0.58984375 0.00234375 0.00234375
0 0.3203125 0.5921875 0.00234375 0.0015625
0 0.340625 0.56015625 0.00234375 0.00234375
0 0.41484375 0.53671875 0.00234375 0.00234375
2 0.21953125 0.76015625 0.0171875 0.01640625