2 0.453125 0.46640625 0.159375 0.1640625
0 0.45234375 0.31015625 0.0203125 0.021875
0 0.75078125 0.56640625 0.015625 0.0140625
0 0.77890625 0.53984375 0.0125 0.0140625
0 0.775 0.56328125 0.0109375 0.0140625
0 0.4171875 0.55859375 0.015625 0.0203125
0 0.42421875 0.33046875 0.0171875 0.01875
0 0.378125 0.56796875 0.0171875 0.0203125
0 0.7 0.625 0.015625 0.0125
0 0.7125 0.60078125 0.0109375 0.0109375
0 0.6484375 0.5765625 0.01875 0.0171875
0 0.63671875 0.6046875 0.0125 0.0140625
0 0.77109375 0.4984375 0.0125 0.0140625
0 0.57890625 0.4640625 0.0171875 0.015625
0 0.5546875 0.4484375 0.0203125 0.0140625
0 0.46796875 0.56796875 0.015625 0.0171875
0 0.3265625 0.640625 0.015625 0.015625
0 0.76171875 0.60546875 0.0140625 0.0125
0 0.615625 0.5359375 0.0171875 0.0171875
0 0.6671875 0.53046875 0.0109375 0.0109375
0 0.3609375 0.4953125 0.0109375 0.0171875