2 0.5046875 0.33671875 0.0765625 0.0671875
2 0.8359375 0.353125 0.0546875 0.0484375
2 0.5359375 0.5890625 0.0640625 0.053125
2 0.93984375 0.60234375 0.0578125 0.0609375
2 0.296875 0.87734375 0.0578125 0.0390625
0 0.34921875 0.65390625 0.00625 0.00625
0 0.2015625 0.36328125 0.0109375 0.0078125
0 0.31796875 0.1171875 0.015625 0.0140625
0 0.875 0.13046875 0.00625 0.009375
0 0.85234375 0.41484375 0.0078125 0.00625
0 0.47890625 0.6234375 0.0125 0.0125
0 0.43515625 0.67109375 0.00625 0.00625
0 0.353125 0.8921875 0.0078125 0.0078125
0 0.7953125 0.57109375 0.0078125 0.0078125
0 0.63046875 0.21484375 0.00625 0.00625
0 0.45390625 0.478125 0.0046875 0.003125
0 0.39296875 0.2375 0.00625 0.0078125
0 0.9875 0.328125 0.00625 0.00625
0 0.7265625 0.6921875 0.0078125 0.0078125