0 0.2265625 0.13203125 0.01875 0.01875
0 0.42265625 0.06796875 0.0140625 0.015625
0 0.92578125 0.3171875 0.0171875 0.0203125
0 0.9046875 0.2828125 0.009375 0.0109375
0 0.91640625 0.48671875 0.00625 0.0078125
0 0.73515625 0.5546875 0.0140625 0.0140625
0 0.73671875 0.54140625 0.01875 0.0140625
0 0.60234375 0.66953125 0.01875 0.01875
0 0.5984375 0.6890625 0.0140625 0.0125
0 0.61640625 0.79921875 0.015625 0.0140625
0 0.7359375 0.95546875 0.0140625 0.0109375
0 0.515625 0.915625 0.0140625 0.0109375
0 0.35625 0.74765625 0.015625 0.0171875
0 0.36484375 0.58671875 0.0078125 0.0078125
0 0.5796875 0.42421875 0.0140625 0.0125
0 0.590625 0.4640625 0.0125 0.0171875
0 0.24609375 0.125 0.0125 0.0140625
0 0.3453125 0.634375 0.0171875 0.01875
0 0.1828125 0.578125 0.0125 0.0109375
0 0.39453125 0.871875 0.0109375 0.0125
0 0.340625 0.8796875 0.0140625 0.0140625
0 0.31875 0.86328125 0.015625 0.0125
0 0.08671875 0.971875 0.009375 0.0078125