2 0.1 0.61328125 0.0234375 0.0296875
0 0.146875 0.27890625 0.003125 0.003125
2 0.6 0.3015625 0.03125 0.03125
2 0.6484375 0.3984375 0.05 0.0328125
0 0.21328125 0.8125 0.0046875 0.003125
0 0.07109375 0.5890625 0.003125 0.003125
0 0.0734375 0.60703125 0.0015625 0.0015625
0 0.215625 0.6859375 0.003125 0.003125
0 0.6390625 0.59375 0.003125 0.003125
0 0.65859375 0.609375 0.003125 0.003125
0 0.59375 0.50390625 0.003125 0.003125
0 0.11015625 0.403125 0.003125 0.003125
0 0.08125 0.48828125 0.003125 0.003125
0 0.09921875 0.46953125 0.0015625 0.0015625
0 0.11484375 0.41953125 0.0015625 0.0015625
0 0.49765625 0.309375 0.0046875 0.0046875
0 0.39296875 0.27421875 0.003125 0.003125
0 0.3484375 0.3078125 0.003125 0.003125