0 0.4703125 0.2171875 0.003125 0.0046875
0 0.51328125 0.2109375 0.003125 0.00625
0 0.5046875 0.19921875 0.003125 0.003125
0 0.346875 0.68359375 0.0046875 0.0046875
0 0.34921875 0.68671875 0.003125 0.00625
0 0.3671875 0.815625 0.003125 0.00625
0 0.43515625 0.9484375 0.003125 0.0046875
0 0.62109375 0.50546875 0.003125 0.003125
0 0.50234375 0.646875 0.0015625 0.003125
0 0.5109375 0.55 0.003125 0.003125
0 0.5671875 0.29921875 0.003125 0.003125
0 0.571875 0.29296875 0.0015625 0.003125
0 0.60078125 0.278125 0.003125 0.003125
0 0.58671875 0.25625 0.003125 0.003125
2 0.3703125 0.33515625 0.0140625 0.0203125