2 0.64921875 0.07265625 0.05 0.040625
0 0.671875 0.6609375 0.00625 0.00625
0 0.60546875 0.64375 0.003125 0.003125
0 0.5859375 0.671875 0.003125 0.003125
0 0.7484375 0.1796875 0.003125 0.003125
0 0.7140625 0.14921875 0.003125 0.003125
0 0.63046875 0.12734375 0.0046875 0.003125
0 0.7109375 0.0640625 0.0046875 0.0046875
0 0.33125 0.65078125 0.0015625 0.003125
0 0.56171875 0.6265625 0.003125 0.003125
0 0.3921875 0.57265625 0.0046875 0.0046875
0 0.375 0.5765625 0.003125 0.003125
0 0.38046875 0.5765625 0.00625 0.0046875
0 0.35859375 0.56796875 0.003125 0.003125
0 0.34296875 0.59140625 0.003125 0.003125
0 0.346875 0.6234375 0.003125 0.0046875
0 0.35546875 0.6234375 0.0046875 0.003125
0 0.34765625 0.62109375 0.003125 0.003125
0 0.303125 0.62109375 0.003125 0.003125
0 0.32109375 0.66484375 0.003125 0.003125
0 0.31640625 0.71875 0.003125 0.003125
0 0.453125 0.61484375 0.0015625 0.0015625
0 0.46953125 0.63359375 0.003125 0.003125
0 0.546875 0.6140625 0.003125 0.003125
0 0.5703125 0.6203125 0.0015625 0.003125
0 0.8484375 0.84140625 0.0046875 0.003125