0 0.5203125 0.20390625 0.00234375 0.00390625
0 0.56015625 0.20234375 0.00234375 0.0046875
0 0.553125 0.190625 0.00234375 0.003125
0 0.36796875 0.625 0.003125 0.0046875
0 0.3703125 0.628125 0.003125 0.00625
0 0.37578125 0.74921875 0.003125 0.00546875
0 0.428125 0.87734375 0.003125 0.00390625
0 0.63515625 0.48203125 0.00234375 0.003125
0 0.51484375 0.60390625 0.0015625 0.0015625
0 0.5296875 0.51484375 0.0015625 0.003125
0 0.60234375 0.2875 0.00234375 0.00234375
0 0.6078125 0.2828125 0.0015625 0.00234375
0 0.634375 0.27109375 0.0015625 0.003125
0 0.62421875 0.25 0.00234375 0.00234375
2 0.41796875 0.3046875 0.0109375 0.0171875