0 0.7640625 0.11015625 0.0171875 0.01875
0 0.56640625 0.05703125 0.0140625 0.015625
0 0.0828125 0.3296875 0.015625 0.0203125
0 0.1015625 0.29453125 0.009375 0.0109375
0 0.1 0.496875 0.00625 0.0078125
0 0.2828125 0.5546875 0.0125 0.0125
0 0.28046875 0.54140625 0.0171875 0.0125
0 0.4203125 0.6609375 0.0171875 0.0171875
0 0.425 0.6796875 0.0140625 0.0109375
0 0.4140625 0.78984375 0.0140625 0.0125
0 0.303125 0.9515625 0.0140625 0.0109375
0 0.2890625 0.97578125 0.0140625 0.00625
0 0.51953125 0.9 0.0140625 0.0109375
0 0.6671875 0.72578125 0.0140625 0.015625
0 0.65078125 0.5671875 0.0078125 0.0078125
0 0.43046875 0.4171875 0.0125 0.0125
0 0.421875 0.4578125 0.0109375 0.0171875
0 0.74453125 0.1046875 0.0109375 0.0140625
0 0.67265625 0.61328125 0.0171875 0.01875
0 0.83046875 0.54921875 0.0125 0.009375
0 0.6375 0.85078125 0.0109375 0.0125
0 0.6890625 0.85546875 0.0125 0.0125
0 0.71015625 0.83828125 0.0140625 0.0109375
0 0.946875 0.93359375 0.0078125 0.0078125