2 0.525 0.4671875 0.1703125 0.175
0 0.50390625 0.3125 0.021875 0.0234375
0 0.24453125 0.6078125 0.0171875 0.0140625
0 0.2125 0.58515625 0.0125 0.0140625
0 0.21875 0.6078125 0.0125 0.015625
0 0.57421875 0.553125 0.0171875 0.021875
0 0.534375 0.32890625 0.01875 0.0203125
0 0.6140625 0.5578125 0.01875 0.021875
0 0.303125 0.65859375 0.015625 0.0140625
0 0.2875 0.6359375 0.0125 0.0125
0 0.34765625 0.6046875 0.0203125 0.01875
0 0.3625 0.6296875 0.0140625 0.015625
0 0.21484375 0.54296875 0.0140625 0.015625
0 0.4 0.4828125 0.0171875 0.0171875
0 0.42265625 0.46328125 0.0203125 0.015625
0 0.525 0.5703125 0.0171875 0.01875
0 0.675 0.62265625 0.015625 0.0171875
0 0.2390625 0.6484375 0.015625 0.0140625
0 0.37421875 0.559375 0.01875 0.01875
0 0.321875 0.56015625 0.0125 0.0125
0 0.62109375 0.48359375 0.0125 0.0171875