2 0.1703125 0.509375 0.0890625 0.0765625
0 0.509375 0.53125 0.0234375 0.01875
0 0.578125 0.509375 0.0265625 0.0203125
0 0.56640625 0.48203125 0.0078125 0.0078125
0 0.75234375 0.4734375 0.0125 0.0125
0 0.70546875 0.44140625 0.009375 0.0078125
0 0.6796875 0.49296875 0.009375 0.0078125
0 0.94296875 0.46015625 0.0109375 0.009375
0 0.9484375 0.4265625 0.0140625 0.0109375
0 0.98515625 0.4 0.0140625 0.0109375
0 0.76796875 0.39140625 0.0125 0.009375
0 0.77890625 0.3703125 0.0109375 0.0078125
0 0.63828125 0.33828125 0.0109375 0.009375
0 0.8375 0.31015625 0.0125 0.009375
0 0.9046875 0.33359375 0.0140625 0.009375
0 0.46328125 0.2953125 0.0078125 0.0078125
0 0.38671875 0.2734375 0.009375 0.009375
0 0.15 0.21328125 0.0078125 0.0109375
0 0.8078125 0.0421875 0.0140625 0.009375
0 0.66953125 0.0890625 0.0140625 0.0109375
0 0.49609375 0.103125 0.0140625 0.0109375
0 0.5109375 0.18828125 0.009375 0.0078125
0 0.3859375 0.21171875 0.009375 0.0078125
0 0.6765625 0.17265625 0.015625 0.0109375
0 0.96875 0.75078125 0.009375 0.00625
0 0.85625 0.7953125 0.0171875 0.0140625
0 0.72890625 0.88046875 0.009375 0.009375
0 0.20859375 0.94453125 0.0109375 0.0109375
0 0.371875 0.7265625 0.009375 0.0078125
0 0.225 0.68203125 0.0078125 0.0078125
0 0.0359375 0.74609375 0.0078125 0.009375
0 0.09765625 0.42734375 0.0078125 0.0109375
0 0.43671875 0.35546875 0.009375 0.009375
0 0.4171875 0.33671875 0.00625 0.0078125
2 0.1671875 0.8109375 0.05625 0.046875
2 0.1703125 0.8515625 0.0546875 0.04375