2 0.04375 0.334375 0.06875 0.1125
0 0.48828125 0.4828125 0.015625 0.0140625
0 0.4078125 0.6234375 0.0078125 0.00625
0 0.35703125 0.55390625 0.00625 0.00625
0 0.61953125 0.50078125 0.009375 0.009375
0 0.603125 0.57890625 0.0078125 0.00625
0 0.57734375 0.68828125 0.00625 0.00625
0 0.58203125 0.79140625 0.009375 0.009375
0 0.65703125 0.940625 0.0078125 0.0046875
0 0.64296875 0.96640625 0.0078125 0.0078125
0 0.63671875 0.9578125 0.0078125 0.00625
0 0.3625 0.4796875 0.0125 0.0171875
0 0.25234375 0.53984375 0.0078125 0.0078125
0 0.81171875 0.1296875 0.0140625 0.015625
0 0.8875 0.07578125 0.015625 0.015625
0 0.88515625 0.05703125 0.0171875 0.01875
0 0.85390625 0.2921875 0.0078125 0.009375
0 0.4578125 0.3484375 0.009375 0.009375
0 0.5265625 0.3109375 0.009375 0.0109375
0 0.59375 0.81171875 0.00625 0.0046875
0 0.19375 0.24765625 0.021875 0.01875
0 0.67421875 0.16953125 0.009375 0.009375
0 0.79921875 0.11640625 0.009375 0.009375
0 0.5359375 0.23359375 0.0078125 0.0078125
0 0.35078125 0.18671875 0.00625 0.00625
0 0.4046875 0.10390625 0.00625 0.0078125
0 0.215625 0.01875 0.00625 0.00625
0 0.63671875 0.0234375 0.0078125 0.00625
0 0.85078125 0.06796875 0.00625 0.00625
0 0.7265625 0.10078125 0.0078125 0.0078125
0 0.63046875 0.1125 0.009375 0.0078125
0 0.67734375 0.28515625 0.0078125 0.00625
0 0.753125 0.4296875 0.0078125 0.0078125
0 0.053125 0.20546875 0.00625 0.00625
0 0.46484375 0.2875 0.0046875 0.0046875
0 0.4453125 0.2609375 0.0078125 0.0078125
0 0.37421875 0.29375 0.00625 0.00625
0 0.61953125 0.23984375 0.0078125 0.00625
0 0.725 0.30390625 0.00625 0.0078125
0 0.690625 0.2546875 0.009375 0.009375
0 0.82265625 0.20546875 0.0078125 0.0078125
0 0.521875 0.0296875 0.00625 0.0046875
0 0.53828125 0.315625 0.00625 0.0046875
0 0.45546875 0.5015625 0.00625 0.00625
0 0.3046875 0.46875 0.009375 0.0078125
0 0.13125 0.484375 0.00625 0.00625
0 0.1421875 0.47734375 0.0078125 0.0078125
0 0.66640625 0.38046875 0.009375 0.009375
0 0.63125 0.39921875 0.00625 0.00625
2 0.49296875 0.81875 0.0765625 0.0609375
0 0.63359375 0.87265625 0.009375 0.0078125
0 0.609375 0.9 0.0078125 0.00625
0 0.94140625 0.9765625 0.00625 0.0046875
0 0.8125 0.7671875 0.0046875 0.0046875
0 0.68125 0.74609375 0.0046875 0.0046875
0 0.5578125 0.7375 0.00625 0.0046875
0 0.55703125 0.47734375 0.00625 0.0046875
0 0.47109375 0.484375 0.00625 0.0046875
0 0.0015625 0.61484375 0.003125 0.0046875