2 0.3765625 0.19765625 0.040625 0.040625
0 0.58203125 0.23359375 0.003125 0.003125
0 0.5953125 0.27734375 0.003125 0.003125
0 0.690625 0.1828125 0.003125 0.003125
0 0.71640625 0.34609375 0.003125 0.003125
0 0.88125 0.43984375 0.003125 0.003125
0 0.8671875 0.44375 0.0015625 0.003125
0 0.8578125 0.32265625 0.003125 0.003125
0 0.80859375 0.28359375 0.0015625 0.003125
0 0.71953125 0.2421875 0.003125 0.003125
0 0.6921875 0.23984375 0.003125 0.003125
0 0.44453125 0.228125 0.0015625 0.003125
2 0.2875 0.2203125 0.03125 0.053125
0 0.61875 0.69296875 0.00625 0.003125
0 0.8484375 0.64296875 0.003125 0.003125
0 0.7671875 0.6015625 0.003125 0.003125
0 0.68203125 0.57109375 0.003125 0.003125
0 0.9078125 0.4 0.003125 0.003125
0 0.78984375 0.3671875 0.003125 0.003125
0 0.60703125 0.96796875 0.003125 0.0046875
0 0.68046875 0.12109375 0.00625 0.003125
0 0.31875 0.2875 0.003125 0.003125