0 0.56953125 0.11015625 0.00625 0.00625
0 0.4875 0.56875 0.00625 0.009375
0 0.3484375 0.50546875 0.003125 0.0046875
0 0.284375 0.725 0.0046875 0.0046875
0 0.24296875 0.64296875 0.00625 0.009375
0 0.09921875 0.60625 0.00625 0.0078125
0 0.14609375 0.63046875 0.00625 0.009375
0 0.234375 0.51484375 0.00625 0.0078125
0 0.07109375 0.2390625 0.0109375 0.0125
0 0.62578125 0.34375 0.0078125 0.0109375
2 0.42734375 0.4765625 0.0390625 0.05625
0 0.44375 0.390625 0.00625 0.00625
0 0.45078125 0.2484375 0.003125 0.0046875
0 0.48984375 0.00546875 0.0046875 0.00625
0 0.471875 0.2671875 0.00625 0.0078125
0 0.14765625 0.84609375 0.003125 0.00625
0 0.15390625 0.84609375 0.0015625 0.0015625
0 0.303125 0.75625 0.003125 0.003125
0 0.65 0.4609375 0.0078125 0.009375