2 0.76640625 0.11640625 0.0484375 0.0375
0 0.675 0.7140625 0.00625 0.00625
0 0.6109375 0.68359375 0.003125 0.003125
0 0.5859375 0.7078125 0.003125 0.003125
0 0.846875 0.24375 0.003125 0.003125
0 0.81796875 0.20625 0.0046875 0.003125
0 0.73828125 0.1671875 0.0046875 0.003125
0 0.83125 0.1203125 0.00625 0.0046875
0 0.33359375 0.63671875 0.003125 0.003125
0 0.57109375 0.65703125 0.003125 0.003125
0 0.409375 0.5703125 0.0046875 0.0046875
0 0.39140625 0.57109375 0.003125 0.003125
0 0.396875 0.57109375 0.0078125 0.0046875
0 0.37734375 0.559375 0.003125 0.003125
0 0.35625 0.5796875 0.003125 0.003125
0 0.35390625 0.61171875 0.003125 0.0046875
0 0.3625 0.6140625 0.0046875 0.003125
0 0.35546875 0.61015625 0.003125 0.003125
0 0.3109375 0.6015625 0.003125 0.003125
0 0.3203125 0.64921875 0.003125 0.003125
0 0.3046875 0.703125 0.003125 0.003125
0 0.46328125 0.62421875 0.0015625 0.0015625
0 0.47578125 0.64765625 0.003125 0.003125
0 0.5578125 0.6421875 0.003125 0.003125
0 0.58046875 0.65390625 0.0015625 0.003125
0 0.81796875 0.93125 0.0046875 0.003125