2 0.92578125 0.35625 0.0765625 0.10625
0 0.4890625 0.4828125 0.015625 0.0140625
0 0.56171875 0.61953125 0.00625 0.00625
0 0.6125 0.55546875 0.00625 0.00625
0 0.3640625 0.4953125 0.009375 0.0078125
0 0.37734375 0.5703125 0.0078125 0.00625
0 0.39765625 0.675 0.00625 0.00625
0 0.390625 0.77421875 0.009375 0.0078125
0 0.31328125 0.9140625 0.00625 0.0046875
0 0.19609375 0.975 0.00625 0.0046875
0 0.32734375 0.93828125 0.0078125 0.00625
0 0.3328125 0.93046875 0.0078125 0.00625
0 0.61015625 0.484375 0.0109375 0.015625
0 0.71328125 0.5453125 0.0078125 0.00625
0 0.19375 0.13515625 0.0140625 0.0140625
0 0.12265625 0.08125 0.015625 0.015625
0 0.12578125 0.0640625 0.015625 0.0171875
0 0.14765625 0.2890625 0.00625 0.0078125
0 0.52265625 0.35625 0.009375 0.0078125
0 0.45859375 0.31796875 0.009375 0.009375
0 0.37890625 0.79296875 0.00625 0.0046875
0 0.778125 0.26875 0.0203125 0.0171875
0 0.959375 0.51796875 0.009375 0.0109375
0 0.32265625 0.178125 0.009375 0.0078125
0 0.2046875 0.1234375 0.009375 0.0078125
0 0.453125 0.24375 0.00625 0.0078125
0 0.63125 0.2046875 0.0046875 0.00625
0 0.58203125 0.125 0.00625 0.0078125
0 0.765625 0.05 0.00625 0.00625
0 0.84375 0.0078125 0.0046875 0.00625
0 0.3640625 0.03984375 0.0078125 0.00625
0 0.15859375 0.03203125 0.009375 0.009375
0 0.1578125 0.075 0.00625 0.00625
0 0.27578125 0.1109375 0.00625 0.00625
0 0.36640625 0.125 0.0078125 0.0078125
0 0.3171875 0.28828125 0.0078125 0.00625
0 0.2390625 0.4234375 0.0078125 0.0078125
0 0.91328125 0.2328125 0.00625 0.00625
0 0.51875 0.296875 0.0046875 0.0046875
0 0.53828125 0.2734375 0.0078125 0.00625
0 0.6046875 0.30546875 0.00625 0.00625
0 0.37265625 0.246875 0.00625 0.00625
0 0.27109375 0.30390625 0.00625 0.0078125
0 0.3046875 0.25859375 0.009375 0.0078125
0 0.18125 0.2078125 0.0078125 0.00625
0 0.47265625 0.04921875 0.00625 0.0046875
0 0.44765625 0.321875 0.00625 0.0046875
0 0.51953125 0.5015625 0.00625 0.00625
0 0.665625 0.475 0.0078125 0.00625
0 0.83046875 0.49609375 0.00625 0.0046875
0 0.8203125 0.48828125 0.0078125 0.00625
0 0.3234375 0.3796875 0.0078125 0.0078125
0 0.35625 0.39921875 0.00625 0.00625
2 0.47421875 0.80234375 0.071875 0.05625
0 0.33828125 0.85 0.009375 0.00625
0 0.36015625 0.8765625 0.00625 0.00625
0 0.04140625 0.93828125 0.00625 0.0046875
0 0.17109375 0.74296875 0.0046875 0.003125
0 0.29765625 0.72734375 0.003125 0.0046875
0 0.415625 0.7234375 0.00625 0.0046875
0 0.42421875 0.475 0.00625 0.0046875
0 0.50703125 0.484375 0.0046875 0.0046875
0 0.95 0.625 0.00625 0.0046875