2 0.62578125 0.21015625 0.040625 0.040625
0 0.42421875 0.2453125 0.003125 0.003125
0 0.4109375 0.28828125 0.00390625 0.00234375
0 0.31796875 0.19609375 0.00234375 0.00234375
0 0.29296875 0.35546875 0.00234375 0.00234375
0 0.13125 0.446875 0.0015625 0.003125
0 0.1453125 0.45078125 0.0015625 0.00234375
0 0.1546875 0.3328125 0.00234375 0.003125
0 0.20234375 0.29375 0.0015625 0.003125
0 0.28984375 0.25390625 0.00390625 0.003125
0 0.31640625 0.2515625 0.003125 0.003125
0 0.559375 0.23984375 0.0015625 0.0015625
2 0.71328125 0.23203125 0.0296875 0.05078125
0 0.38828125 0.69609375 0.00546875 0.00390625
0 0.1640625 0.646875 0.00390625 0.003125
0 0.24296875 0.60625 0.00234375 0.00234375
0 0.3265625 0.5765625 0.003125 0.00390625
0 0.10546875 0.40859375 0.00234375 0.003125
0 0.22109375 0.37578125 0.00234375 0.00234375
0 0.4 0.96484375 0.00390625 0.0046875
0 0.328125 0.13515625 0.00546875 0.003125
0 0.68203125 0.2984375 0.00234375 0.00234375