0 0.4984375 0.05703125 0.0046875 0.00625
0 0.53046875 0.5453125 0.00625 0.0109375
0 0.3734375 0.5171875 0.003125 0.0046875
0 0.3640625 0.75703125 0.0046875 0.00625
0 0.3015625 0.68359375 0.00625 0.009375
0 0.1453125 0.6828125 0.00625 0.009375
0 0.19921875 0.6953125 0.00625 0.009375
0 0.26015625 0.55546875 0.00625 0.009375
0 0.0234375 0.315625 0.0109375 0.0140625
0 0.615625 0.28125 0.0078125 0.0125
2 0.446875 0.4671875 0.0390625 0.059375
0 0.44140625 0.375 0.0046875 0.0078125
0 0.41328125 0.22890625 0.003125 0.0046875
0 0.4390625 0.2421875 0.00625 0.0078125
0 0.25546875 0.9140625 0.003125 0.00625
0 0.2625 0.91328125 0.0015625 0.0015625
0 0.390625 0.784375 0.003125 0.003125
0 0.66953125 0.39453125 0.0078125 0.009375