2 0.43984375 0.915625 0.03125 0.034375
0 0.5125 0.9421875 0.00234375 0.00234375
0 0.575 0.86015625 0.003125 0.003125
0 0.66015625 0.77890625 0.00625 0.00546875
0 0.85703125 0.759375 0.003125 0.0046875
0 0.79375 0.41796875 0.0078125 0.009375
0 0.76015625 0.31171875 0.0046875 0.00546875
0 0.6140625 0.6515625 0.00390625 0.00390625
0 0.56953125 0.68359375 0.00234375 0.00234375
0 0.5796875 0.6875 0.00234375 0.00234375
0 0.59296875 0.675 0.003125 0.003125
0 0.45546875 0.5453125 0.00546875 0.00546875
0 0.37421875 0.6578125 0.003125 0.00390625
0 0.9390625 0.571875 0.00234375 0.003125
0 0.353125 0.58515625 0.00234375 0.003125
0 0.32578125 0.665625 0.00234375 0.00234375
0 0.4578125 0.68203125 0.00234375 0.00234375
0 0.5625 0.82890625 0.0046875 0.00390625
0 0.56328125 0.65546875 0.003125 0.003125
0 0.5 0.69765625 0.003125 0.00390625
0 0.39140625 0.740625 0.00234375 0.003125
0 0.55703125 0.6875 0.00390625 0.00234375
0 0.546875 0.71484375 0.00234375 0.00234375
0 0.41171875 0.65859375 0.003125 0.003125
0 0.434375 0.659375 0.003125 0.003125
2 0.84609375 0.89375 0.0109375 0.01015625