2 0.85546875 0.46640625 0.0921875 0.0765625
0 0.49921875 0.5078125 0.025 0.01875
0 0.425 0.4875 0.028125 0.0203125
0 0.4359375 0.45859375 0.0078125 0.0078125
0 0.23828125 0.459375 0.0125 0.0125
0 0.2859375 0.42421875 0.009375 0.0078125
0 0.31640625 0.47734375 0.009375 0.0078125
0 0.0359375 0.45546875 0.0109375 0.009375
0 0.02890625 0.42109375 0.0140625 0.0109375
0 0.2171875 0.3734375 0.0125 0.0109375
0 0.20390625 0.3515625 0.0109375 0.0078125
0 0.35234375 0.309375 0.0109375 0.0078125
0 0.1390625 0.29140625 0.0125 0.009375
0 0.06953125 0.3203125 0.015625 0.0078125
0 0.534375 0.25390625 0.0078125 0.0078125
0 0.61484375 0.2265625 0.0078125 0.0078125
0 0.8609375 0.15078125 0.0078125 0.0109375
0 0.15546875 0.00625 0.0140625 0.0109375
0 0.3046875 0.04765625 0.0140625 0.0109375
0 0.48984375 0.05390625 0.0140625 0.0109375
0 0.47890625 0.14453125 0.009375 0.0078125
0 0.61171875 0.1625 0.009375 0.00625
0 0.303125 0.1375 0.015625 0.0109375
0 0.025 0.76484375 0.009375 0.00625
0 0.14609375 0.80625 0.01875 0.0140625
0 0.28671875 0.8890625 0.009375 0.009375
0 0.83984375 0.92890625 0.0109375 0.0109375
0 0.6546875 0.70625 0.009375 0.0078125
0 0.8078125 0.65078125 0.00625 0.0078125
0 0.92890625 0.375 0.0078125 0.0109375
0 0.56640625 0.31640625 0.009375 0.009375
0 0.58515625 0.29609375 0.00625 0.0078125
2 0.87578125 0.78359375 0.0578125 0.046875
2 0.87578125 0.828125 0.05625 0.04375