2 0.5078125 0.93515625 0.0375 0.040625
0 0.58828125 0.9546875 0.003125 0.003125
0 0.6421875 0.859375 0.0046875 0.0046875
0 0.721875 0.76328125 0.00625 0.00625
0 0.9265625 0.7171875 0.003125 0.0046875
0 0.815625 0.36640625 0.009375 0.0109375
0 0.7671875 0.25859375 0.00625 0.00625
0 0.6578125 0.6359375 0.0046875 0.0046875
0 0.6140625 0.675 0.003125 0.003125
0 0.62578125 0.67734375 0.003125 0.003125
0 0.63828125 0.6625 0.003125 0.003125
0 0.4765625 0.54375 0.00625 0.00625
0 0.4046875 0.6734375 0.003125 0.0046875
0 0.98828125 0.509375 0.003125 0.003125
0 0.37421875 0.59921875 0.003125 0.003125
0 0.35546875 0.68671875 0.003125 0.003125
0 0.496875 0.6875 0.003125 0.003125
0 0.625 0.82890625 0.0046875 0.0046875
0 0.60390625 0.64609375 0.003125 0.0046875
0 0.54296875 0.6984375 0.003125 0.0046875
0 0.434375 0.7578125 0.003125 0.003125
0 0.6015625 0.68046875 0.0046875 0.003125
0 0.59453125 0.71015625 0.003125 0.003125
0 0.44453125 0.66796875 0.003125 0.003125
0 0.46953125 0.66640625 0.003125 0.003125
2 0.93203125 0.86015625 0.0125 0.0109375