2 0.8703125 0.67265625 0.0265625 0.03125
0 0.875 0.3421875 0.003125 0.003125
2 0.43359375 0.29609375 0.0328125 0.0328125
2 0.371875 0.38125 0.0515625 0.0359375
0 0.7296875 0.8484375 0.0046875 0.003125
0 0.9015625 0.65390625 0.003125 0.003125
0 0.89609375 0.67109375 0.0015625 0.0015625
0 0.74609375 0.7265625 0.003125 0.003125
0 0.35078125 0.571875 0.003125 0.003125
0 0.32890625 0.584375 0.003125 0.003125
0 0.40859375 0.4921875 0.003125 0.003125
0 0.8921875 0.46796875 0.003125 0.003125
0 0.90625 0.55546875 0.003125 0.003125
0 0.8921875 0.53515625 0.0015625 0.0015625
0 0.884375 0.4828125 0.0015625 0.0015625
0 0.53203125 0.31796875 0.0046875 0.0046875
0 0.6375 0.30078125 0.003125 0.003125
0 0.67578125 0.33984375 0.003125 0.003125