2 0.8265625 0.471875 0.08125 0.0671875
0 0.4953125 0.53359375 0.021875 0.01640625
0 0.42421875 0.5203125 0.025 0.0171875
0 0.4328125 0.4921875 0.00625 0.00703125
0 0.2484375 0.50625 0.0109375 0.0109375
0 0.290625 0.46953125 0.00859375 0.00703125
0 0.32265625 0.51640625 0.0078125 0.00703125
0 0.059375 0.515625 0.01015625 0.0078125
0 0.05 0.48359375 0.0125 0.009375
0 0.01015625 0.4625 0.0125 0.00859375
0 0.2234375 0.42734375 0.0109375 0.00859375
0 0.209375 0.4078125 0.009375 0.00703125
0 0.34453125 0.35859375 0.009375 0.0078125
0 0.1453125 0.3546875 0.0109375 0.0078125
0 0.08125 0.38671875 0.0140625 0.00703125
0 0.51171875 0.29453125 0.00703125 0.00703125
0 0.58515625 0.2640625 0.0078125 0.0078125
0 0.8109375 0.1765625 0.00703125 0.009375
0 0.14140625 0.0875 0.01328125 0.00859375
0 0.28359375 0.1171875 0.0125 0.009375
0 0.45625 0.11015625 0.01328125 0.009375
0 0.45234375 0.19609375 0.0078125 0.00703125
0 0.578125 0.20390625 0.0078125 0.00625
0 0.2875 0.20078125 0.01484375 0.009375
0 0.06875 0.80546875 0.00859375 0.0046875
0 0.184375 0.8359375 0.01640625 0.01171875
0 0.32109375 0.9046875 0.0078125 0.00859375
0 0.84140625 0.9046875 0.009375 0.009375
0 0.65390625 0.709375 0.0078125 0.00703125
0 0.79375 0.64765625 0.00625 0.00703125
0 0.9875 0.6875 0.00703125 0.00859375
0 0.88828125 0.38125 0.00703125 0.0109375
0 0.54609375 0.3515625 0.00859375 0.0078125
0 0.5625 0.33046875 0.00546875 0.00703125
2 0.865625 0.76796875 0.05078125 0.040625
2 0.86796875 0.8078125 0.05 0.03828125