0 0.4875 0.10390625 0.0046875 0.00625
0 0.5046875 0.56171875 0.0046875 0.009375
0 0.6484375 0.5203125 0.00234375 0.00390625
0 0.68125 0.74296875 0.00390625 0.0046875
0 0.73203125 0.66796875 0.00546875 0.00859375
0 0.878125 0.65234375 0.0046875 0.0078125
0 0.82890625 0.66875 0.0046875 0.00859375
0 0.75859375 0.54453125 0.00546875 0.0078125
0 0.95546875 0.2984375 0.009375 0.01171875
0 0.4 0.32421875 0.00625 0.0109375
2 0.575 0.48046875 0.03125 0.05234375
0 0.571875 0.39375 0.0046875 0.00625
0 0.58359375 0.2546875 0.00234375 0.00390625
0 0.5796875 0.01328125 0.00390625 0.00546875
0 0.84765625 0.034375 0.00703125 0.009375
0 0.5609375 0.2703125 0.00546875 0.00703125
0 0.79765625 0.87890625 0.00234375 0.0046875
0 0.79140625 0.878125 0.00078125 0.0015625
0 0.65859375 0.77109375 0.0015625 0.003125
0 0.3609375 0.43515625 0.00625 0.00859375