2 0.70546875 0.8484375 0.04609375 0.034375
0 0.77109375 0.78671875 0.01015625 0.0078125
0 0.56796875 0.8453125 0.0109375 0.00703125
0 0.52578125 0.55 0.00859375 0.00859375
0 0.66875 0.63203125 0.02109375 0.01640625
0 0.821875 0.65 0.01171875 0.0125
0 0.83828125 0.35078125 0.009375 0.009375
0 0.47265625 0.51875 0.0109375 0.0109375
0 0.52734375 0.51640625 0.01015625 0.0125
0 0.30234375 0.58515625 0.009375 0.0078125
0 0.30625 0.2265625 0.00546875 0.00625
0 0.32421875 0.19296875 0.00546875 0.00703125