2 0.39921875 0.6203125 0.10625 0.08515625
0 0.209375 0.3171875 0.01171875 0.0109375
0 0.39140625 0.4546875 0.01328125 0.01015625
0 0.35078125 0.503125 0.009375 0.009375
0 0.3328125 0.52890625 0.00703125 0.00703125
0 0.3234375 0.61875 0.01328125 0.01015625
0 0.525 0.51875 0.01015625 0.00859375
0 0.53828125 0.4671875 0.01015625 0.01015625
0 0.646875 0.51796875 0.00859375 0.00625
0 0.11796875 0.4640625 0.00625 0.0109375
0 0.32109375 0.5546875 0.009375 0.0078125
0 0.8203125 0.79453125 0.015625 0.0140625
2 0.071875 0.7546875 0.05078125 0.0515625
2 0.0640625 0.69609375 0.03984375 0.05078125
0 0.071875 0.36640625 0.01015625 0.0078125