2 0.38984375 0.6171875 0.1203125 0.1
0 0.21640625 0.27890625 0.0125 0.0125
0 0.396875 0.44140625 0.015625 0.0109375
0 0.34921875 0.4890625 0.0109375 0.0109375
0 0.32890625 0.51484375 0.0078125 0.0078125
0 0.31015625 0.60859375 0.015625 0.0125
0 0.5328125 0.521875 0.0109375 0.0109375
0 0.5515625 0.46875 0.0125 0.0109375
0 0.6609375 0.53203125 0.009375 0.0078125
0 0.10625 0.4265625 0.0078125 0.0125
0 0.3140625 0.540625 0.0109375 0.009375
0 0.81953125 0.840625 0.0171875 0.015625
2 0.03125 0.7296875 0.0578125 0.059375
2 0.028125 0.66640625 0.046875 0.0578125
0 0.0671875 0.31953125 0.0109375 0.009375