2 0.7015625 0.2625 0.0390625 0.0296875
2 0.72578125 0.3953125 0.040625 0.0328125
2 0.80546875 0.47109375 0.025 0.021875
0 0.89765625 0.48984375 0.0046875 0.0046875
0 0.99140625 0.4734375 0.0046875 0.0046875
0 0.74296875 0.28984375 0.00625 0.00625
0 0.6921875 0.33046875 0.003125 0.003125
0 0.68828125 0.36015625 0.0046875 0.0046875
0 0.80859375 0.34140625 0.0046875 0.003125
0 0.77265625 0.4 0.00625 0.0046875
0 0.8578125 0.50546875 0.003125 0.003125
0 0.83359375 0.5484375 0.003125 0.003125
0 0.8671875 0.6 0.003125 0.003125
0 0.82890625 0.6171875 0.0046875 0.003125
0 0.9328125 0.5921875 0.00625 0.003125
0 0.97265625 0.6734375 0.0046875 0.003125
0 0.96484375 0.77421875 0.003125 0.0078125
0 0.98046875 0.8296875 0.0015625 0.0015625
0 0.89765625 0.8515625 0.003125 0.003125
0 0.76015625 0.87421875 0.00625 0.003125
0 0.75546875 0.87109375 0.003125 0.003125
0 0.73828125 0.86796875 0.003125 0.0015625
0 0.6828125 0.76640625 0.003125 0.0015625
0 0.6453125 0.73046875 0.0046875 0.003125
0 0.7265625 0.72109375 0.003125 0.0015625
0 0.68984375 0.728125 0.003125 0.003125
0 0.65859375 0.615625 0.00625 0.0046875
0 0.659375 0.63125 0.0015625 0.003125
0 0.65 0.6265625 0.003125 0.0015625
0 0.79296875 0.76953125 0.0046875 0.003125
0 0.8796875 0.7234375 0.003125 0.0015625
0 0.7015625 0.68046875 0.003125 0.003125
0 0.98203125 0.52265625 0.003125 0.003125
0 0.97734375 0.51953125 0.0046875 0.00625
0 0.94140625 0.534375 0.003125 0.003125
0 0.9484375 0.48515625 0.003125 0.003125
0 0.93984375 0.41875 0.0046875 0.003125
0 0.94140625 0.41328125 0.003125 0.003125
0 0.75625 0.39609375 0.0046875 0.0046875
0 0.7625 0.39765625 0.003125 0.003125
0 0.8203125 0.3140625 0.003125 0.003125
0 0.815625 0.31796875 0.003125 0.003125
0 0.84609375 0.28984375 0.003125 0.003125
0 0.8421875 0.29375 0.0046875 0.003125
0 0.9765625 0.4703125 0.003125 0.003125
0 0.7484375 0.84296875 0.003125 0.003125
0 0.64453125 0.753125 0.003125 0.003125
0 0.4640625 0.5828125 0.003125 0.003125
0 0.5171875 0.56640625 0.003125 0.0046875
0 0.61640625 0.57109375 0.0015625 0.0015625
0 0.56953125 0.58359375 0.003125 0.0015625
0 0.778125 0.57578125 0.0046875 0.003125
0 0.83515625 0.47109375 0.003125 0.003125
0 0.859375 0.5703125 0.003125 0.003125
2 0.74140625 0.92578125 0.0125 0.0109375