0 0.259375 0.43828125 0.009375 0.015625
0 0.32265625 0.5046875 0.0109375 0.0171875
0 0.41171875 0.690625 0.0109375 0.0140625
0 0.48203125 0.4640625 0.0078125 0.015625
0 0.56796875 0.4890625 0.0078125 0.0140625
0 0.575 0.41171875 0.0078125 0.0140625
0 0.49453125 0.65703125 0.009375 0.0171875
0 0.5234375 0.775 0.0078125 0.015625
0 0.60234375 0.67421875 0.0078125 0.0140625
0 0.6234375 0.77734375 0.009375 0.015625
0 0.4921875 0.90390625 0.009375 0.0125
0 0.44921875 0.93203125 0.009375 0.015625
0 0.42734375 0.93515625 0.0078125 0.0125
0 0.39375 0.9078125 0.0078125 0.0171875
0 0.47578125 0.98203125 0.009375 0.0125
0 0.55234375 0.09296875 0.009375 0.015625
0 0.975 0.17890625 0.015625 0.0234375
0 0.9265625 0.30625 0.0125 0.0234375
0 0.0984375 0.58203125 0.0078125 0.0140625
0 0.0546875 0.90859375 0.0078125 0.0125
0 0.253125 0.80078125 0.00625 0.009375
0 0.62421875 0.15390625 0.009375 0.015625
0 0.734375 0.0734375 0.0109375 0.01875