0 0.25 0.43828125 0.009375 0.015625
0 0.3140625 0.50625 0.0109375 0.01875
0 0.40390625 0.69375 0.0109375 0.0140625
0 0.475 0.465625 0.0078125 0.015625
0 0.56171875 0.48984375 0.0078125 0.0140625
0 0.56875 0.4125 0.0078125 0.0140625
0 0.48828125 0.659375 0.009375 0.0171875
0 0.51640625 0.778125 0.0078125 0.015625
0 0.596875 0.6765625 0.0078125 0.0140625
0 0.6171875 0.78125 0.009375 0.015625
0 0.48515625 0.90859375 0.009375 0.0125
0 0.4421875 0.9375 0.009375 0.015625
0 0.41875 0.940625 0.0078125 0.0125
0 0.38671875 0.9125 0.0078125 0.0171875
0 0.46875 0.98828125 0.009375 0.0125
0 0.54609375 0.090625 0.009375 0.0171875
0 0.97265625 0.1765625 0.015625 0.0234375
0 0.92421875 0.30546875 0.0125 0.0234375
0 0.0875 0.584375 0.0078125 0.0140625
0 0.04375 0.9140625 0.0078125 0.0125
0 0.24375 0.8046875 0.00625 0.009375
0 0.61953125 0.1515625 0.009375 0.015625
0 0.7296875 0.0703125 0.0109375 0.01875