0 0.25859375 0.45625 0.00859375 0.01484375
0 0.32578125 0.5171875 0.01015625 0.0171875
0 0.42578125 0.69296875 0.00859375 0.01328125
0 0.4796875 0.46640625 0.00625 0.015625
0 0.56484375 0.48515625 0.00625 0.01328125
0 0.5671875 0.40859375 0.00625 0.01328125
0 0.5046875 0.6546875 0.0078125 0.0171875
0 0.540625 0.76796875 0.00703125 0.01484375
0 0.61171875 0.6640625 0.00625 0.01328125
0 0.6390625 0.7640625 0.0078125 0.015625
0 0.51953125 0.896875 0.0078125 0.0125
0 0.47890625 0.92734375 0.0078125 0.01484375
0 0.4578125 0.93203125 0.00703125 0.0125
0 0.4234375 0.90703125 0.00703125 0.0171875
0 0.50859375 0.975 0.0078125 0.0125
0 0.52265625 0.096875 0.00859375 0.015625
0 0.94296875 0.15234375 0.0140625 0.021875
0 0.9046875 0.28046875 0.01171875 0.021875
0 0.1109375 0.60859375 0.00703125 0.0125
0 0.090625 0.93125 0.00703125 0.0125
0 0.27734375 0.81171875 0.00625 0.009375
0 0.59765625 0.1515625 0.0078125 0.01484375
0 0.7 0.06484375 0.009375 0.01875
0 0.9765625 0.04375 0.015625 0.02109375