0 0.27421875 0.18671875 0.0234375 0.0296875
0 0.53203125 0.17109375 0.03671875 0.04140625
0 0.6453125 0.18828125 0.02890625 0.0359375
0 0.3453125 0.11171875 0.01484375 0.01953125
0 0.26796875 0.03984375 0.01328125 0.02265625
0 0.55234375 0.0109375 0.015625 0.0203125
0 0.92109375 0.14453125 0.01484375 0.02109375
0 0.76796875 0.64296875 0.0171875 0.025
0 0.66875 0.6234375 0.025 0.02890625
0 0.22421875 0.4203125 0.02890625 0.0328125
0 0.3671875 0.7375 0.01796875 0.02890625
0 0.29296875 0.97109375 0.0234375 0.03515625
0 0.715625 0.734375 0.0265625 0.03515625
0 0.86875 0.74609375 0.021875 0.03203125
0 0.9375 0.70234375 0.01796875 0.028125
0 0.8453125 0.86953125 0.0265625 0.034375
0 0.80078125 0.92734375 0.0296875 0.03359375
0 0.26875 0.16953125 0.02890625 0.028125
0 0.39375 0.325 0.01328125 0.01953125
0 0.41796875 0.05234375 0.01328125 0.01875