0 0.1328125 0.02421875 0.0203125 0.01875
0 0.04296875 0.06484375 0.015625 0.025
0 0.22265625 0.05703125 0.034375 0.0328125
0 0.31015625 0.04921875 0.021875 0.021875
0 0.3796875 0.13125 0.034375 0.0265625
0 0.3296875 0.23046875 0.025 0.021875
0 0.234375 0.24140625 0.028125 0.0234375
0 0.0875 0.2859375 0.0296875 0.021875
0 0.31640625 0.28828125 0.025 0.021875
0 0.67265625 0.2234375 0.0375 0.028125
0 0.47578125 0.309375 0.0421875 0.03125
0 0.43984375 0.259375 0.0234375 0.0234375
0 0.51328125 0.13828125 0.0203125 0.0203125
0 0.47734375 0.65234375 0.03125 0.0265625
0 0.74609375 0.71796875 0.0328125 0.03125
0 0.346875 0.8234375 0.0296875 0.0265625
0 0.603125 0.80078125 0.0375 0.0296875
0 0.59296875 0.82265625 0.0265625 0.0234375
0 0.65390625 0.81640625 0.028125 0.01875
0 0.73671875 0.840625 0.034375 0.028125
0 0.45234375 0.86875 0.025 0.0203125
0 0.384375 0.88984375 0.025 0.0234375
0 0.51015625 0.5578125 0.021875 0.01875
0 0.41875 0.48515625 0.028125 0.0234375
0 0.69375 0.5125 0.028125 0.0234375
0 0.5890625 0.48046875 0.0265625 0.0234375
0 0.51953125 0.48046875 0.0296875 0.021875
0 0.8515625 0.57265625 0.0203125 0.021875
0 0.19921875 0.1421875 0.028125 0.0203125
0 0.0640625 0.090625 0.015625 0.0171875
0 0.08984375 0.065625 0.01875 0.015625
0 0.31484375 0.00234375 0.0265625 0.0046875
0 0.42265625 0.0640625 0.0171875 0.0171875
0 0.50078125 0.046875 0.0234375 0.0203125
0 0.459375 0.1109375 0.0265625 0.0203125
0 0.31015625 0.121875 0.01875 0.0171875
0 0.31015625 0.15546875 0.025 0.021875
0 0.5 0.21484375 0.021875 0.01875
0 0.5390625 0.178125 0.01875 0.015625
0 0.565625 0.11328125 0.028125 0.0234375
0 0.61875 0.0859375 0.021875 0.0171875
0 0.584375 0.0453125 0.0203125 0.0203125
0 0.5453125 0.06953125 0.015625 0.0140625
0 0.66640625 0.08984375 0.0234375 0.0171875
0 0.640625 0.0140625 0.0203125 0.009375
0 0.6265625 0.0359375 0.0171875 0.015625
0 0.66328125 0.05859375 0.0171875 0.01875
0 0.7078125 0.040625 0.028125 0.015625
0 0.69140625 0.140625 0.0265625 0.021875
0 0.73125 0.178125 0.01875 0.01875
0 0.6203125 0.1796875 0.021875 0.0171875
0 0.86640625 0.15625 0.01875 0.0171875
0 0.9 0.20234375 0.025 0.0203125
0 0.8890625 0.23671875 0.0265625 0.021875
0 0.915625 0.13046875 0.0296875 0.028125
0 0.72578125 0.29140625 0.01875 0.025
0 0.58671875 0.5828125 0.025 0.025
0 0.58046875 0.6875 0.0203125 0.0171875
0 0.48359375 0.59140625 0.021875 0.0171875
0 0.415625 0.646875 0.0234375 0.01875
0 0.15546875 0.78125 0.021875 0.0171875
0 0.115625 0.746875 0.01875 0.0171875
0 0.1296875 0.6609375 0.01875 0.01875
0 0.3765625 0.596875 0.021875 0.0171875
0 0.24921875 0.47890625 0.0203125 0.0203125
0 0.46484375 0.97265625 0.0234375 0.01875
0 0.27421875 0.92734375 0.01875 0.0171875
0 0.31953125 0.9796875 0.028125 0.0140625
0 0.53984375 0.83125 0.0265625 0.0203125
0 0.63359375 0.88125 0.0203125 0.015625
0 0.8890625 0.9359375 0.0203125 0.01875
0 0.7125 0.803125 0.0203125 0.015625
0 0.69375 0.87421875 0.0171875 0.015625
0 0.66171875 0.70546875 0.025 0.0203125
0 0.63359375 0.60625 0.01875 0.01875
0 0.66484375 0.590625 0.0203125 0.01875
0 0.7609375 0.59609375 0.01875 0.0171875
0 0.64609375 0.38671875 0.0265625 0.0171875
0 0.128125 0.25390625 0.01875 0.0109375
0 0.83125 0.1375 0.021875 0.0140625