0 0.40078125 0.23203125 0.0171875 0.0390625
0 0.44921875 0.1109375 0.01015625 0.02578125
0 0.31875 0.08359375 0.015625 0.046875
0 0.34609375 0.22421875 0.009375 0.0171875
0 0.25234375 0.35625 0.01484375 0.028125
0 0.22578125 0.23203125 0.01484375 0.0296875
0 0.196875 0.23359375 0.01015625 0.02265625
0 0.234375 0.01796875 0.01328125 0.0296875
0 0.1359375 0.1640625 0.01796875 0.0359375
0 0.1578125 0.33046875 0.01484375 0.02734375
0 0.8734375 0.6609375 0.01875 0.034375
0 0.9109375 0.72890625 0.01171875 0.03125
0 0.52578125 0.92578125 0.0203125 0.05625
0 0.48203125 0.77265625 0.0125 0.028125
0 0.3859375 0.77890625 0.01328125 0.03125
0 0.18671875 0.73203125 0.015625 0.03203125
0 0.28828125 0.74296875 0.01328125 0.02421875
0 0.29921875 0.62265625 0.01015625 0.01875
0 0.31953125 0.57109375 0.015625 0.0390625
0 0.184375 0.5453125 0.01796875 0.02578125
0 0.0984375 0.3453125 0.02109375 0.03203125
0 0.625 0.76015625 0.0109375 0.02109375
0 0.70390625 0.79140625 0.01484375 0.03125
0 0.3484375 0.3984375 0.01953125 0.04765625
0 0.54453125 0.3625 0.0171875 0.0359375
0 0.58125 0.38515625 0.0171875 0.04609375
0 0.83125 0.5671875 0.01015625 0.021875
0 0.25703125 0.08515625 0.00859375 0.021875
0 0.471875 0.12421875 0.0078125 0.01953125
0 0.45390625 0.7109375 0.009375 0.02109375
0 0.02578125 0.48515625 0.00859375 0.01875
0 0.95546875 0.41796875 0.01015625 0.02109375
0 0.971875 0.41328125 0.009375 0.02578125
0 0.97421875 0.45703125 0.0125 0.02109375
0 0.65859375 0.80390625 0.009375 0.021875
0 0.721875 0.85859375 0.01015625 0.01953125