0 0.8734375 0.16328125 0.0328125 0.040625
0 0.6828125 0.1984375 0.040625 0.0453125
0 0.078125 0.1640625 0.0421875 0.0609375
0 0.4359375 0.44140625 0.04375 0.0640625
0 0.7921875 0.3109375 0.0703125 0.08125
0 0.8921875 0.43671875 0.0328125 0.040625
0 0.81015625 0.43046875 0.028125 0.0328125
0 0.609375 0.44765625 0.034375 0.0484375
0 0.9703125 0.765625 0.0390625 0.05625
0 0.9453125 0.95390625 0.028125 0.0203125
0 0.62421875 0.86328125 0.03125 0.0390625
0 0.88359375 0.725 0.0296875 0.0453125
0 0.95078125 0.63203125 0.025 0.0390625
0 0.83515625 0.6328125 0.021875 0.0421875
0 0.8109375 0.52265625 0.025 0.04375
0 0.56171875 0.584375 0.0328125 0.0484375
0 0.590625 0.11875 0.021875 0.0296875
0 0.82890625 0.8015625 0.0328125 0.046875
0 0.5171875 0.84609375 0.0359375 0.0453125
0 0.38515625 0.1328125 0.0296875 0.046875
0 0.4328125 0.209375 0.0296875 0.0375
0 0.52109375 0.28515625 0.034375 0.0453125
0 0.0109375 0.190625 0.021875 0.065625
0 0.66328125 0.07890625 0.03125 0.0390625
0 0.39140625 0.3375 0.0328125 0.046875
0 0.45859375 0.296875 0.021875 0.0234375
0 0.13203125 0.32109375 0.025 0.03125
0 0.15546875 0.09765625 0.0328125 0.0484375
0 0.32421875 0.16171875 0.015625 0.0234375
0 0.003125 0.27578125 0.00625 0.0296875
0 0.03046875 0.44375 0.028125 0.0328125
0 0.0703125 0.44609375 0.0265625 0.0328125
0 0.059375 0.5734375 0.0265625 0.0328125
0 0.190625 0.48203125 0.0296875 0.0484375
0 0.94921875 0.2953125 0.028125 0.040625
0 0.7125 0.2828125 0.025 0.0359375
0 0.571875 0.2328125 0.0328125 0.0375
0 0.50859375 0.125 0.0296875 0.0390625
0 0.6421875 0.74609375 0.01875 0.0296875
0 0.48046875 0.58046875 0.025 0.040625
0 0.43828125 0.3796875 0.01875 0.025