0 0.2125 0.2046875 0.0296875 0.034375
0 0.49453125 0.090625 0.025 0.0328125
0 0.86171875 0.08203125 0.078125 0.0703125
0 0.79375 0.2 0.021875 0.028125
0 0.70625 0.296875 0.0234375 0.03125
0 0.509375 0.47265625 0.0390625 0.0515625
0 0.41328125 0.42265625 0.0328125 0.05
0 0.4828125 0.32890625 0.0390625 0.0515625
0 0.41328125 0.32578125 0.0296875 0.0375
0 0.09375 0.00703125 0.025 0.0140625
0 0.05078125 0.72890625 0.025 0.0390625
0 0.31953125 0.5703125 0.021875 0.028125
0 0.36015625 0.5625 0.0203125 0.0296875
0 0.30234375 0.7125 0.0203125 0.0296875
0 0.32890625 0.80703125 0.0171875 0.0234375
0 0.32578125 0.87265625 0.0203125 0.025
0 0.1609375 0.94453125 0.0203125 0.01875
0 0.49140625 0.80546875 0.0296875 0.0328125
0 0.9125 0.98359375 0.0375 0.0328125
0 0.50703125 0.65078125 0.046875 0.0640625
0 0.08125 0.76796875 0.0203125 0.0375
0 0.6796875 0.52109375 0.0328125 0.0421875
0 0.7375 0.98984375 0.034375 0.0203125
0 0.58359375 0.78359375 0.0265625 0.0265625
0 0.0921875 0.7890625 0.03125 0.0453125
0 0.746875 0.5125 0.021875 0.025
0 0.7125 0.546875 0.0171875 0.0296875
0 0.7359375 0.5515625 0.0171875 0.028125
0 0.7234375 0.621875 0.025 0.021875
0 0.71875 0.65625 0.0265625 0.0328125
0 0.7296875 0.7921875 0.0234375 0.025
0 0.7671875 0.8125 0.021875 0.0296875
0 0.5234375 0.86953125 0.028125 0.0375
0 0.52421875 0.90234375 0.021875 0.0234375
0 0.20546875 0.23125 0.0234375 0.0234375
0 0.21640625 0.28125 0.015625 0.0203125
0 0.76171875 0.3109375 0.0234375 0.025
0 0.75078125 0.34296875 0.0265625 0.0203125