0 0.76015625 0.08515625 0.028125 0.0484375
0 0.78046875 0.19765625 0.0265625 0.0421875
0 0.7296875 0.21484375 0.0265625 0.040625
0 0.925 0.38359375 0.028125 0.04375
0 0.75234375 0.296875 0.0265625 0.0390625
0 0.67265625 0.26015625 0.0234375 0.0390625
0 0.653125 0.14765625 0.0265625 0.0375
0 0.58046875 0.08515625 0.0234375 0.0359375
0 0.55 0.09375 0.0203125 0.034375
0 0.4828125 0.0859375 0.021875 0.0328125
0 0.571875 0.21953125 0.025 0.0375
0 0.74296875 0.40859375 0.0234375 0.0328125
0 0.65703125 0.36171875 0.0234375 0.0328125
0 0.65 0.39296875 0.0203125 0.03125
0 0.55859375 0.590625 0.0234375 0.0328125
0 0.62421875 0.63359375 0.03125 0.0421875
0 0.52421875 0.3140625 0.0203125 0.0390625
0 0.49765625 0.2859375 0.0203125 0.0328125
0 0.50625 0.31875 0.0203125 0.03125
0 0.46875 0.1421875 0.0203125 0.021875
0 0.36796875 0.02734375 0.0234375 0.0328125
0 0.39375 0.08828125 0.021875 0.034375
0 0.42578125 0.1671875 0.028125 0.0375
0 0.44140625 0.2078125 0.0171875 0.028125
0 0.3359375 0.13046875 0.0203125 0.03125
0 0.29921875 0.02265625 0.0296875 0.009375
0 0.33515625 0.01875 0.025 0.009375
0 0.23984375 0.05703125 0.021875 0.0328125
0 0.27890625 0.06796875 0.0234375 0.03125
0 0.30703125 0.146875 0.0234375 0.034375
0 0.25859375 0.20703125 0.0234375 0.0328125
0 0.29609375 0.221875 0.028125 0.0359375
0 0.4453125 0.29296875 0.021875 0.034375
0 0.4171875 0.290625 0.0234375 0.034375
0 0.38515625 0.33671875 0.021875 0.0328125
0 0.3546875 0.34375 0.021875 0.0296875
0 0.29296875 0.290625 0.01875 0.0265625
0 0.26875 0.31484375 0.01875 0.0296875
0 0.33203125 0.3875 0.01875 0.034375
0 0.27890625 0.3890625 0.025 0.0390625
0 0.3453125 0.440625 0.01875 0.028125
0 0.37421875 0.4921875 0.025 0.0390625
0 0.43359375 0.58046875 0.0171875 0.0296875
0 0.3796875 0.59609375 0.0203125 0.034375
0 0.225 0.4234375 0.025 0.034375
0 0.1671875 0.3671875 0.0203125 0.0328125
0 0.08984375 0.33203125 0.01875 0.0296875
0 0.2171875 0.14375 0.01875 0.025
0 0.1390625 0.22265625 0.0203125 0.0328125
0 0.103125 0.109375 0.021875 0.0328125
0 0.09140625 0.05546875 0.0171875 0.0203125
0 0.0359375 0.05703125 0.01875 0.0234375
0 0.05859375 0.11484375 0.021875 0.028125
0 0.046875 0.14921875 0.01875 0.025
0 0.01640625 0.13125 0.0203125 0.0296875
0 0.0203125 0.17421875 0.0265625 0.0296875
0 0.01875 0.26171875 0.0203125 0.03125
0 0.10625 0.46484375 0.021875 0.0359375
0 0.0796875 0.4890625 0.021875 0.0328125
0 0.02734375 0.50546875 0.021875 0.034375
0 0.17890625 0.5359375 0.03125 0.0390625
0 0.29609375 0.5453125 0.0265625 0.034375
0 0.33046875 0.54921875 0.0203125 0.0296875
0 0.196875 0.58671875 0.021875 0.034375
0 0.22734375 0.540625 0.0265625 0.040625
0 0.13046875 0.6453125 0.021875 0.0375
0 0.18359375 0.67109375 0.0203125 0.0359375
0 0.1375 0.71796875 0.0203125 0.0328125
0 0.11484375 0.79453125 0.0234375 0.034375
0 0.24296875 0.809375 0.021875 0.0328125
0 0.33359375 0.6875 0.0203125 0.034375
0 0.46875 0.76171875 0.025 0.0359375
0 0.3515625 0.81171875 0.028125 0.040625
0 0.38671875 0.80078125 0.015625 0.0265625
0 0.44375 0.83671875 0.025 0.0375
0 0.4796875 0.88828125 0.0203125 0.0328125
0 0.51015625 0.9484375 0.0265625 0.0421875
0 0.40078125 0.91953125 0.0203125 0.028125
0 0.3546875 0.896875 0.025 0.028125
0 0.33671875 0.95078125 0.0171875 0.0265625
0 0.28515625 0.9421875 0.028125 0.0359375
0 0.221875 0.96875 0.025 0.03125
0 0.23515625 0.98828125 0.0171875 0.0234375
0 0.1359375 0.8984375 0.01875 0.0296875
0 0.12265625 0.88359375 0.0171875 0.0265625