0 0.8171875 0.21484375 0.0296875 0.034375
0 0.53203125 0.08828125 0.025 0.034375
0 0.15625 0.06796875 0.078125 0.0671875
0 0.22265625 0.1890625 0.021875 0.028125
0 0.30859375 0.29140625 0.0234375 0.03125
0 0.50390625 0.478125 0.0390625 0.053125
0 0.60234375 0.43046875 0.0328125 0.05
0 0.53515625 0.33125 0.0390625 0.0515625
0 0.6078125 0.33125 0.0296875 0.0375
0 0.93984375 0.01015625 0.0109375 0.0203125
0 0.9625 0.7546875 0.025 0.0390625
0 0.69375 0.584375 0.021875 0.028125
0 0.65234375 0.575 0.0203125 0.0296875
0 0.70625 0.7296875 0.0203125 0.03125
0 0.675 0.82578125 0.0171875 0.025
0 0.6765625 0.89296875 0.0203125 0.0265625
0 0.51015625 0.81796875 0.0296875 0.0328125
0 0.07265625 0.984375 0.0359375 0.03125
0 0.49921875 0.66015625 0.0453125 0.0640625
0 0.93046875 0.7953125 0.0203125 0.0375
0 0.328125 0.521875 0.0328125 0.0421875
0 0.25078125 0.99453125 0.0328125 0.0109375
0 0.41640625 0.79296875 0.0265625 0.0265625
0 0.91796875 0.81640625 0.0296875 0.0453125
0 0.25859375 0.51015625 0.021875 0.0234375
0 0.29296875 0.546875 0.0171875 0.0296875
0 0.26953125 0.55 0.0171875 0.028125
0 0.27890625 0.62265625 0.025 0.021875
0 0.28359375 0.6578125 0.0265625 0.0328125
0 0.2671875 0.79609375 0.0234375 0.025
0 0.228125 0.815625 0.021875 0.0296875
0 0.4734375 0.88203125 0.028125 0.0375
0 0.4734375 0.91640625 0.021875 0.0234375
0 0.82265625 0.24140625 0.0234375 0.0234375
0 0.809375 0.2921875 0.015625 0.0203125
0 0.25078125 0.30390625 0.0234375 0.025
0 0.2609375 0.33671875 0.0265625 0.0203125