0 0.53984375 0.06953125 0.0421875 0.0546875
0 0.57890625 0.32421875 0.028125 0.040625
0 0.27734375 0.46328125 0.034375 0.0421875
0 0.3625 0.4625 0.0328125 0.0359375
0 0.43671875 0.51640625 0.025 0.0359375
0 0.5796875 0.66953125 0.0265625 0.0328125
0 0.6203125 0.78125 0.0203125 0.03125
0 0.41328125 0.81796875 0.0328125 0.046875
0 0.04140625 0.7859375 0.0328125 0.0484375
0 0.18203125 0.73828125 0.0265625 0.0328125
0 0.11015625 0.56953125 0.025 0.034375
0 0.096875 0.2765625 0.0296875 0.0453125
0 0.18046875 0.26171875 0.0390625 0.046875
0 0.7921875 0.934375 0.0203125 0.0421875
0 0.609375 0.44296875 0.0109375 0.015625
0 0.24375 0.94921875 0.0140625 0.01875