0 0.85546875 0.059375 0.0265625 0.03125
0 0.70078125 0.0453125 0.0265625 0.028125
0 0.71796875 0.11171875 0.01875 0.0234375
0 0.5796875 0.33125 0.025 0.0328125
0 0.246875 0.16953125 0.03125 0.034375
0 0.31875 0.20390625 0.025 0.0359375
0 0.490625 0.0859375 0.0265625 0.0328125
0 0.3859375 0.490625 0.0375 0.0375
0 0.39296875 0.27265625 0.0234375 0.0296875
0 0.0703125 0.365625 0.04375 0.0375
0 0.14609375 0.0453125 0.0234375 0.03125
0 0.421875 0.93046875 0.021875 0.028125
0 0.74375 0.87421875 0.0234375 0.03125
0 0.4109375 0.56953125 0.0390625 0.0453125
0 0.26484375 0.73359375 0.0171875 0.0234375
0 0.55078125 0.15 0.028125 0.0421875
0 0.97109375 0.21640625 0.0296875 0.0296875
0 0.97734375 0.18828125 0.015625 0.021875
0 0.96953125 0.11328125 0.021875 0.0234375
0 0.95078125 0.178125 0.028125 0.0265625
0 0.94296875 0.16015625 0.025 0.0296875
0 0.97265625 0.140625 0.0265625 0.0265625