0 0.57421875 0.65625 0.0171875 0.025
0 0.64453125 0.69140625 0.015625 0.0203125
0 0.5640625 0.91640625 0.01875 0.0203125
0 0.57734375 0.1921875 0.01875 0.0203125
0 0.6859375 0.2546875 0.015625 0.01875
0 0.61953125 0.27578125 0.0140625 0.0171875
0 0.6921875 0.13359375 0.0125 0.015625
0 0.6359375 0.371875 0.009375 0.0125
0 0.66640625 0.46875 0.0140625 0.0140625
0 0.35625 0.58828125 0.0125 0.0140625
0 0.48359375 0.67734375 0.0171875 0.015625
0 0.10546875 0.6890625 0.0125 0.0171875
0 0.10078125 0.5625 0.0140625 0.0125
0 0.134375 0.60546875 0.009375 0.0109375
0 0.20546875 0.55390625 0.01875 0.021875
0 0.36953125 0.459375 0.009375 0.0125
0 0.1953125 0.45 0.0125 0.0140625
0 0.07734375 0.38125 0.0125 0.0171875
0 0.0015625 0.46640625 0.003125 0.0140625
0 0.0515625 0.5703125 0.0140625 0.0203125
0 0.07265625 0.9390625 0.0109375 0.0140625
0 0.2859375 0.70390625 0.0125 0.0140625
0 0.39921875 0.69765625 0.0140625 0.0109375
0 0.43671875 0.9078125 0.009375 0.0125
0 0.2921875 0.89765625 0.00625 0.0109375
0 0.8375 0.85546875 0.009375 0.0140625
0 0.8109375 0.74921875 0.00625 0.009375
0 0.08125 0.77265625 0.0125 0.015625
0 0.325 0.23828125 0.028125 0.034375
0 0.7515625 0.578125 0.009375 0.009375
0 0.1828125 0.80078125 0.0171875 0.01875
0 0.128125 0.70390625 0.00625 0.009375
0 0.06484375 0.14296875 0.0140625 0.0203125
0 0.14375 0.59765625 0.0046875 0.0078125
0 0.14921875 0.5234375 0.0109375 0.0109375
0 0.11875 0.69453125 0.0109375 0.009375
0 0.11640625 0.68203125 0.009375 0.0109375
0 0.125 0.68515625 0.009375 0.0109375