0 0.121875 0.1375 0.06328125 0.06328125
0 0.2703125 0.146875 0.06484375 0.0640625
0 0.27421875 0.20078125 0.0484375 0.06328125
0 0.328125 0.2765625 0.04921875 0.0578125
0 0.1328125 0.34921875 0.04140625 0.065625
0 0.28984375 0.49140625 0.0328125 0.05
0 0.36953125 0.490625 0.0515625 0.0546875
0 0.26953125 0.53671875 0.0390625 0.05078125
0 0.18515625 0.8578125 0.0671875 0.0640625
0 0.4765625 0.78046875 0.05390625 0.0671875
0 0.5 0.8421875 0.05 0.06171875
0 0.63203125 0.82265625 0.0359375 0.065625
0 0.8203125 0.7984375 0.02890625 0.046875
0 0.8828125 0.775 0.03984375 0.078125
0 0.8734375 0.8984375 0.03359375 0.0453125
0 0.9421875 0.6609375 0.0375 0.06953125
0 0.9609375 0.52734375 0.05 0.053125
0 0.6265625 0.50625 0.03984375 0.0578125
0 0.60234375 0.37421875 0.0359375 0.05859375
0 0.7953125 0.3328125 0.03984375 0.040625
0 0.86796875 0.434375 0.0296875 0.05
0 0.89609375 0.4 0.0453125 0.03828125
0 0.90546875 0.44375 0.0390625 0.03984375
0 0.753125 0.0953125 0.03828125 0.03203125
0 0.05546875 0.06953125 0.0390625 0.04453125
0 0.05 0.15078125 0.0875 0.103125
0 0.78828125 0.84921875 0.06640625 0.08359375
0 0.6515625 0.36328125 0.03046875 0.0390625
0 0.703125 0.28984375 0.03359375 0.040625
0 0.66953125 0.0703125 0.04453125 0.0390625