0 0.85703125 0.0421875 0.01875 0.0265625
0 0.90859375 0.0765625 0.015625 0.028125
0 0.72109375 0.37890625 0.01875 0.0359375
0 0.44609375 0.1546875 0.0265625 0.040625
0 0.565625 0.1625 0.0140625 0.0234375
0 0.53828125 0.3734375 0.0171875 0.0296875
0 0.34921875 0.3796875 0.01875 0.034375
0 0.1546875 0.12109375 0.0125 0.0265625
0 0.03828125 0.07578125 0.0125 0.025
0 0.4203125 0.590625 0.025 0.0453125
0 0.26484375 0.4875 0.0125 0.028125
0 0.28203125 0.86015625 0.0203125 0.0359375
0 0.64296875 0.809375 0.0140625 0.0234375
0 0.0328125 0.65703125 0.015625 0.040625
0 0.07890625 0.75703125 0.0140625 0.028125
0 0.09140625 0.9296875 0.0265625 0.0421875
0 0.00078125 0.5546875 0.0015625 0.025
0 0.00546875 0.72265625 0.0109375 0.0421875
0 0.21171875 0.55234375 0.009375 0.0203125
0 0.146875 0.5953125 0.009375 0.0203125
0 0.38203125 0.1921875 0.0140625 0.0203125