0 0.3875 0.63984375 0.01875 0.0265625
0 0.3125 0.67578125 0.0171875 0.0203125
0 0.39375 0.91640625 0.0203125 0.021875
0 0.39375 0.146875 0.0203125 0.021875
0 0.2765625 0.2109375 0.0171875 0.0203125
0 0.34609375 0.23515625 0.0140625 0.0171875
0 0.27265625 0.08203125 0.0140625 0.0171875
0 0.3265625 0.33671875 0.009375 0.0125
0 0.29375 0.4390625 0.0140625 0.015625
0 0.6203125 0.571875 0.0125 0.0171875
0 0.484375 0.6640625 0.01875 0.0171875
0 0.88515625 0.6828125 0.0125 0.01875
0 0.89296875 0.5484375 0.0140625 0.0140625
0 0.85625 0.59375 0.0109375 0.0125
0 0.78125 0.53828125 0.0203125 0.0234375
0 0.609375 0.434375 0.009375 0.0125
0 0.79453125 0.428125 0.0140625 0.0140625
0 0.92109375 0.35703125 0.0125 0.01875
0 0.9984375 0.45078125 0.003125 0.0140625
0 0.9453125 0.55859375 0.015625 0.0203125
0 0.91640625 0.94921875 0.0125 0.015625
0 0.69375 0.69609375 0.0125 0.015625
0 0.5734375 0.6859375 0.015625 0.0125
0 0.5296875 0.90859375 0.009375 0.0140625
0 0.6828125 0.90078125 0.0078125 0.0109375
0 0.1046875 0.846875 0.009375 0.015625
0 0.13359375 0.734375 0.0078125 0.009375
0 0.909375 0.77265625 0.0125 0.0171875
0 0.66015625 0.2 0.0296875 0.0359375
0 0.2015625 0.553125 0.0109375 0.0109375
0 0.80078125 0.80078125 0.01875 0.0203125
0 0.86171875 0.6984375 0.00625 0.009375
0 0.9390625 0.103125 0.015625 0.021875
0 0.84609375 0.58515625 0.00625 0.0078125
0 0.84140625 0.50703125 0.0125 0.0125
0 0.87109375 0.68828125 0.0109375 0.0109375
0 0.87421875 0.67578125 0.0109375 0.0109375
0 0.86484375 0.6796875 0.0109375 0.0125