0 0.5703125 0.08515625 0.03671875 0.05
0 0.5859375 0.3359375 0.02421875 0.03671875
0 0.2796875 0.4453125 0.03125 0.03828125
0 0.36328125 0.45234375 0.0296875 0.03203125
0 0.43046875 0.5109375 0.021875 0.03359375
0 0.55703125 0.671875 0.0234375 0.0296875
0 0.5875 0.78359375 0.0171875 0.0296875
0 0.3828125 0.80234375 0.02890625 0.04296875
0 0.02109375 0.7390625 0.02734375 0.0453125
0 0.16328125 0.7046875 0.0234375 0.0296875
0 0.1078125 0.534375 0.021875 0.03203125
0 0.11953125 0.2484375 0.025 0.0421875
0 0.20234375 0.24140625 0.034375 0.04296875
0 0.7421875 0.94765625 0.01640625 0.03984375
0 0.60546875 0.453125 0.009375 0.01484375
0 0.20546875 0.91484375 0.0125 0.0171875