0 0.47265625 0.3109375 0.05390625 0.078125
0 0.16796875 0.365625 0.0421875 0.0640625
0 0.0390625 0.26796875 0.03046875 0.05
0 0.09140625 0.15390625 0.03671875 0.0484375
0 0.40546875 0.2796875 0.034375 0.05546875
0 0.26796875 0.2125 0.025 0.0515625
0 0.2890625 0.09453125 0.025 0.05078125
0 0.3171875 0.6125 0.02265625 0.05390625
0 0.5375 0.52890625 0.03203125 0.05
0 0.54296875 0.91875 0.02734375 0.04609375
0 0.4609375 0.8703125 0.0203125 0.0453125
0 0.83125 0.55234375 0.02734375 0.0578125
0 0.85703125 0.4734375 0.0234375 0.0421875
0 0.8984375 0.73671875 0.03125 0.075
0 0.69296875 0.58203125 0.0203125 0.03828125
0 0.59765625 0.59921875 0.02109375 0.03828125
0 0.62890625 0.52109375 0.0296875 0.04921875
0 0.57890625 0.49375 0.021875 0.0359375
0 0.725 0.45234375 0.03046875 0.0359375
0 0.6125 0.23125 0.02421875 0.0359375
0 0.6625 0.24296875 0.02109375 0.04140625
0 0.26328125 0.6640625 0.025 0.05078125
0 0.56953125 0.37109375 0.03203125 0.04296875
0 0.65234375 0.3515625 0.03046875 0.05703125