0 0.62578125 0.16875 0.0265625 0.046875
0 0.6875 0.15859375 0.0296875 0.0390625
0 0.64296875 0.06796875 0.0296875 0.034375
0 0.84921875 0.11015625 0.0453125 0.0328125
0 0.51640625 0.21484375 0.0265625 0.0296875
0 0.7515625 0.2796875 0.0234375 0.0265625
0 0.7515625 0.415625 0.025 0.03125
0 0.678125 0.421875 0.025 0.0328125
0 0.5796875 0.4171875 0.0296875 0.046875
0 0.4203125 0.4671875 0.025 0.0296875
0 0.365625 0.375 0.0296875 0.028125
0 0.46640625 0.359375 0.0296875 0.04375
0 0.09453125 0.51484375 0.025 0.021875
0 0.4796875 0.51328125 0.0234375 0.0390625
0 0.653125 0.71171875 0.0234375 0.0359375
0 0.42265625 0.8828125 0.0234375 0.0359375
0 0.94140625 0.86484375 0.025 0.0375
0 0.28359375 0.49453125 0.025 0.025
0 0.2265625 0.3953125 0.0296875 0.021875
0 0.6 0.5046875 0.034375 0.028125
0 0.59296875 0.58515625 0.021875 0.0328125
0 0.50390625 0.73203125 0.040625 0.0359375
0 0.64453125 0.15078125 0.040625 0.0453125