0 0.13359375 0.09375 0.02734375 0.02890625
0 0.40859375 0.1359375 0.0296875 0.03359375
0 0.09140625 0.4703125 0.02578125 0.025
0 0.03125 0.70078125 0.025 0.02109375
0 0.0921875 0.8203125 0.01875 0.0171875
0 0.2875 0.91171875 0.02421875 0.01875
0 0.475 0.715625 0.0484375 0.03984375
0 0.71015625 0.875 0.053125 0.0375
0 0.67265625 0.93828125 0.0171875 0.01015625
0 0.28046875 0.55234375 0.0265625 0.02421875
0 0.90390625 0.15546875 0.04453125 0.03359375
0 0.9484375 0.65234375 0.02265625 0.021875
0 0.82265625 0.63125 0.01875 0.01484375
0 0.63203125 0.421875 0.0109375 0.02421875
0 0.5890625 0.571875 0.021875 0.01328125