0 0.06796875 0.07265625 0.0171875 0.0234375
0 0.27109375 0.03828125 0.015625 0.021875
0 0.428125 0.07734375 0.0171875 0.0234375
0 0.82265625 0.11875 0.0171875 0.025
0 0.628125 0.18046875 0.021875 0.0265625
0 0.61015625 0.30234375 0.0171875 0.025
0 0.48515625 0.29453125 0.0203125 0.03125
0 0.371875 0.3515625 0.0203125 0.0296875
0 0.2109375 0.26640625 0.021875 0.0296875
0 0.3046875 0.46796875 0.025 0.040625
0 0.14375 0.62265625 0.0203125 0.0328125
0 0.21953125 0.59609375 0.01875 0.0265625
0 0.00234375 0.50078125 0.0046875 0.0265625
0 0.7640625 0.53203125 0.0296875 0.034375
0 0.9328125 0.6640625 0.0296875 0.0390625
0 0.86484375 0.6578125 0.0265625 0.034375
0 0.646875 0.71953125 0.0203125 0.0265625
0 0.44609375 0.7328125 0.0203125 0.0296875
0 0.46171875 0.6875 0.0265625 0.0421875
0 0.578125 0.54375 0.0265625 0.0390625
0 0.51640625 0.96640625 0.01875 0.0296875
0 0.6890625 0.840625 0.0234375 0.028125
0 0.7671875 0.85546875 0.028125 0.0375
0 0.9234375 0.978125 0.0265625 0.0328125
0 0.7953125 0.6828125 0.0203125 0.0203125
0 0.5921875 0.4734375 0.015625 0.03125