0 0.17734375 0.42890625 0.021875 0.0859375
0 0.12578125 0.6609375 0.015625 0.0828125
0 0.2875 0.659375 0.028125 0.0984375
0 0.31328125 0.54453125 0.01171875 0.0484375
0 0.51953125 0.140625 0.02109375 0.06875
0 0.7796875 0.48046875 0.0171875 0.0703125
0 0.878125 0.175 0.02890625 0.10703125
0 0.6625 0.5015625 0.0171875 0.0796875
0 0.575 0.4234375 0.01328125 0.06640625
0 0.359375 0.31796875 0.01484375 0.05390625
0 0.66484375 0.26953125 0.0171875 0.0796875
0 0.28828125 0.0109375 0.0140625 0.021875
0 0.096875 0.53828125 0.0140625 0.05078125