0 0.40234375 0.0140625 0.01875 0.0140625
0 0.359375 0.0703125 0.021875 0.0359375
0 0.29453125 0.1 0.021875 0.0328125
0 0.1890625 0.084375 0.021875 0.03125
0 0.06875 0.1421875 0.0203125 0.0296875
0 0.1765625 0.19375 0.01875 0.0296875
0 0.065625 0.23125 0.0171875 0.028125
0 0.12421875 0.2390625 0.025 0.0296875
0 0.315625 0.16328125 0.0171875 0.0359375
0 0.37578125 0.14375 0.021875 0.034375
0 0.13671875 0.13515625 0.028125 0.03125
0 0.1671875 0.2703125 0.01875 0.034375
0 0.2859375 0.27421875 0.021875 0.025
0 0.34140625 0.29375 0.0234375 0.0359375
0 0.22265625 0.365625 0.0265625 0.040625
0 0.05703125 0.41796875 0.025 0.0390625
0 0.2328125 0.49375 0.03125 0.0484375
0 0.0234375 0.70546875 0.0140625 0.046875
0 0.17890625 0.55625 0.0234375 0.0390625
0 0.1625 0.64921875 0.0234375 0.04375
0 0.22578125 0.66953125 0.021875 0.034375
0 0.27109375 0.73046875 0.025 0.0375
0 0.28359375 0.9390625 0.040625 0.0578125
0 0.2921875 0.8421875 0.0296875 0.028125
0 0.2171875 0.82265625 0.0140625 0.0265625
0 0.45546875 0.89765625 0.0265625 0.040625
0 0.34296875 0.8234375 0.0171875 0.03125
0 0.3703125 0.65625 0.0328125 0.04375
0 0.46015625 0.3328125 0.0203125 0.0328125
0 0.471875 0.01484375 0.01875 0.0265625
0 0.559375 0.14296875 0.01875 0.0296875
0 0.6 0.00390625 0.025 0.0078125
0 0.6234375 0.06171875 0.03125 0.0359375
0 0.6625 0.21171875 0.03125 0.0484375
0 0.57734375 0.3671875 0.025 0.028125
0 0.55234375 0.4390625 0.01875 0.0375
0 0.56875 0.565625 0.028125 0.04375
0 0.66875 0.48515625 0.0375 0.05
0 0.596875 0.4875 0.0203125 0.025
0 0.621875 0.58984375 0.021875 0.0375
0 0.5046875 0.7015625 0.0125 0.0234375
0 0.6953125 0.7921875 0.025 0.0390625
0 0.63359375 0.87421875 0.034375 0.0484375
0 0.84296875 0.68984375 0.0359375 0.053125
0 0.75546875 0.72890625 0.0359375 0.0609375
0 0.59921875 0.684375 0.01875 0.0359375
0 0.84453125 0.8703125 0.0328125 0.04375
0 0.83984375 0.95390625 0.0203125 0.028125
0 0.86796875 0.56953125 0.028125 0.040625
0 0.98125 0.90625 0.0265625 0.034375
0 0.88125 0.3046875 0.034375 0.053125
0 0.74921875 0.2546875 0.01875 0.0328125
0 0.73515625 0.21640625 0.028125 0.04375
0 0.7265625 0.2546875 0.0125 0.0203125
0 0.728125 0.29921875 0.0109375 0.0234375
0 0.80078125 0.06484375 0.0234375 0.03125
0 0.7015625 0.10703125 0.021875 0.0296875
0 0.60078125 0.1609375 0.0140625 0.021875
0 0.640625 0.15546875 0.0140625 0.0171875
0 0.75703125 0.1390625 0.0234375 0.0390625
0 0.83203125 0.14453125 0.0203125 0.0421875
0 0.8109375 0.26015625 0.021875 0.0296875
0 0.83828125 0.23203125 0.01875 0.034375
0 0.94609375 0.2203125 0.0265625 0.034375
0 0.940625 0.30859375 0.015625 0.028125
0 0.92109375 0.3796875 0.0203125 0.040625
0 0.890625 0.0046875 0.01875 0.009375
0 0.93046875 0.0234375 0.0484375 0.046875
0 0.97109375 0.3796875 0.021875 0.0296875
0 0.984375 0.6203125 0.028125 0.03125
0 0.97578125 0.77421875 0.025 0.0484375
0 0.93125 0.8390625 0.0171875 0.028125
0 0.90546875 0.66953125 0.0171875 0.0296875
0 0.953125 0.465625 0.021875 0.034375
0 0.76953125 0.446875 0.021875 0.03125
0 0.8703125 0.06875 0.015625 0.028125
0 0.91171875 0.109375 0.0203125 0.034375
0 0.715625 0.934375 0.0203125 0.025
0 0.00859375 0.140625 0.0171875 0.034375
0 0.003125 0.390625 0.00625 0.034375