0 0.13984375 0.18828125 0.0265625 0.03515625
0 0.0140625 0.18359375 0.028125 0.0578125
0 0.31640625 0.20546875 0.03359375 0.03828125
0 0.86328125 0.1265625 0.034375 0.053125
0 0.56015625 0.4078125 0.0359375 0.05625
0 0.22578125 0.3171875 0.0578125 0.06953125
0 0.0390625 0.41796875 0.02421875 0.0375
0 0.1453125 0.43984375 0.0265625 0.03515625
0 0.21875 0.428125 0.0234375 0.02890625
0 0.40234375 0.42734375 0.02890625 0.04140625
0 0.1 0.746875 0.03203125 0.04921875
0 0.03046875 0.72734375 0.021875 0.03515625
0 0.140625 0.92890625 0.0234375 0.0265625
0 0.42265625 0.80859375 0.02578125 0.034375
0 0.175 0.703125 0.0234375 0.03984375
0 0.10703125 0.62421875 0.0203125 0.034375
0 0.21171875 0.61484375 0.01640625 0.0375
0 0.225 0.5125 0.01953125 0.03828125
0 0.45703125 0.5484375 0.02578125 0.04296875
0 0.39296875 0.12578125 0.0171875 0.02578125
0 0.23125 0.76875 0.0265625 0.03984375
0 0.51875 0.784375 0.02890625 0.03984375
0 0.58125 0.121875 0.02421875 0.04140625
0 0.54375 0.19609375 0.02421875 0.0328125
0 0.4703125 0.271875 0.028125 0.03984375
0 0.93515625 0.14375 0.0359375 0.05703125
0 0.325 0.09453125 0.02578125 0.03359375
0 0.59140625 0.309375 0.0265625 0.03984375
0 0.528125 0.27734375 0.01796875 0.01953125
0 0.8265625 0.27421875 0.02109375 0.02734375
0 0.7875 0.071875 0.0265625 0.04140625
0 0.63828125 0.14375 0.0125 0.02109375
0 0.95625 0.22578125 0.0265625 0.02734375
0 0.92890625 0.378125 0.0234375 0.02890625
0 0.8921875 0.3828125 0.02265625 0.02734375
0 0.9125 0.4984375 0.021875 0.028125
0 0.7859375 0.42578125 0.02265625 0.0421875
0 0.01015625 0.85703125 0.01953125 0.04140625
0 0.08125 0.315625 0.021875 0.03515625
0 0.29609375 0.28515625 0.0203125 0.03203125
0 0.41953125 0.228125 0.02734375 0.03203125
0 0.46796875 0.125 0.02421875 0.03359375
0 0.39609375 0.703125 0.0140625 0.02578125
0 0.53046875 0.53828125 0.01953125 0.03515625
0 0.553125 0.35234375 0.015625 0.021875