0 0.434375 0.1703125 0.0234375 0.04375
0 0.5015625 0.0484375 0.0140625 0.028125
0 0.36328125 0.0125 0.0234375 0.025
0 0.37734375 0.15546875 0.0125 0.0203125
0 0.26015625 0.2828125 0.01875 0.03125
0 0.2484375 0.146875 0.01875 0.034375
0 0.2171875 0.14453125 0.0140625 0.025
0 0.1609375 0.06328125 0.0234375 0.040625
0 0.1625 0.24375 0.0203125 0.03125
0 0.88125 0.68828125 0.025 0.0390625
0 0.91328125 0.765625 0.0171875 0.034375
0 0.47734375 0.92421875 0.0296875 0.0625
0 0.45 0.75703125 0.0171875 0.03125
0 0.346875 0.75078125 0.01875 0.034375
0 0.140625 0.675 0.0203125 0.0359375
0 0.24765625 0.7 0.0171875 0.0265625
0 0.27578125 0.57265625 0.0125 0.021875
0 0.303125 0.51953125 0.021875 0.04375
0 0.16328125 0.475 0.021875 0.0296875
0 0.096875 0.2515625 0.0265625 0.0375
0 0.60390625 0.7625 0.0140625 0.0234375
0 0.684375 0.80546875 0.0203125 0.0359375
0 0.35625 0.340625 0.0265625 0.053125
0 0.57109375 0.32734375 0.0234375 0.040625
0 0.60625 0.35703125 0.025 0.0515625
0 0.84921875 0.5828125 0.0140625 0.025
0 0.3 0.003125 0.0125 0.00625
0 0.52421875 0.06484375 0.0109375 0.021875
0 0.428125 0.6875 0.0125 0.0234375
0 0.996875 0.44140625 0.00625 0.0234375
0 0.634375 0.8125 0.0125 0.025
0 0.69453125 0.8796875 0.0140625 0.021875