0 0.51328125 0.3125 0.0609375 0.0828125
0 0.825 0.340625 0.0484375 0.06875
0 0.94609375 0.23125 0.034375 0.053125
0 0.884375 0.1203125 0.0421875 0.0515625
0 0.578125 0.275 0.0390625 0.0578125
0 0.71171875 0.1953125 0.0296875 0.053125
0 0.6796875 0.07890625 0.0296875 0.053125
0 0.69609375 0.60234375 0.0265625 0.05625
0 0.46796875 0.5375 0.0375 0.053125
0 0.49609375 0.93125 0.0328125 0.0484375
0 0.57421875 0.875 0.025 0.0484375
0 0.17265625 0.5875 0.0328125 0.0609375
0 0.13984375 0.51015625 0.028125 0.04375
0 0.121875 0.77890625 0.0390625 0.078125
0 0.31484375 0.6046875 0.025 0.040625
0 0.4125 0.61328125 0.025 0.040625
0 0.37421875 0.5375 0.034375 0.0515625
0 0.421875 0.50625 0.025 0.0390625
0 0.27109375 0.47734375 0.0328125 0.0390625
0 0.365625 0.24453125 0.0265625 0.0390625
0 0.315625 0.26015625 0.025 0.04375
0 0.75546875 0.64921875 0.0296875 0.053125
0 0.42109375 0.38125 0.0359375 0.0453125
0 0.3359375 0.36953125 0.0359375 0.059375