0 0.6546875 0.16640625 0.02265625 0.0421875
0 0.7125 0.15859375 0.02578125 0.03515625
0 0.67421875 0.071875 0.0265625 0.03046875
0 0.865625 0.11875 0.04140625 0.0296875
0 0.55078125 0.20546875 0.0234375 0.02734375
0 0.76875 0.2734375 0.02109375 0.025
0 0.76484375 0.40078125 0.02265625 0.02734375
0 0.69453125 0.4046875 0.02265625 0.03046875
0 0.60390625 0.396875 0.02578125 0.04296875
0 0.453125 0.43828125 0.021875 0.0265625
0 0.40390625 0.35078125 0.02578125 0.02578125
0 0.49921875 0.3390625 0.02734375 0.040625
0 0.14609375 0.47265625 0.0234375 0.01953125
0 0.50625 0.48359375 0.0203125 0.03671875
0 0.66171875 0.675 0.0203125 0.0328125
0 0.44140625 0.82734375 0.02109375 0.034375
0 0.9265625 0.82734375 0.02265625 0.034375
0 0.3234375 0.459375 0.02265625 0.021875
0 0.27421875 0.365625 0.02734375 0.01953125
0 0.61953125 0.4796875 0.03125 0.02578125
0 0.61015625 0.5546875 0.01953125 0.0296875
0 0.521875 0.6890625 0.03671875 0.03203125
0 0.671875 0.14921875 0.0375 0.04140625