0 0.1703125 0.46875 0.03125 0.0890625
0 0.14296875 0.70859375 0.025 0.084375
0 0.30625 0.68984375 0.0390625 0.1015625
0 0.31953125 0.57109375 0.0171875 0.05
0 0.484375 0.1421875 0.028125 0.071875
0 0.78203125 0.4578125 0.025 0.071875
0 0.8484375 0.13984375 0.040625 0.1109375
0 0.6671875 0.49140625 0.025 0.08125
0 0.5703125 0.421875 0.0203125 0.06875
0 0.3421875 0.3375 0.021875 0.05625
0 0.64453125 0.25703125 0.0265625 0.08125
0 0.2390625 0.03671875 0.015625 0.0234375
0 0.10078125 0.5875 0.01875 0.053125