0 0.0796875 0.09140625 0.078125 0.071875
0 0.1875 0.14375 0.075 0.0671875
0 0.38515625 0.17890625 0.1046875 0.0796875
0 0.1875 0.26875 0.0515625 0.046875
0 0.5328125 0.4921875 0.2015625 0.1625
0 0.02109375 0.6671875 0.0125 0.0609375
0 0.08671875 0.80078125 0.0296875 0.0328125
0 0.29921875 0.62734375 0.075 0.0734375
0 0.73359375 0.67421875 0.0640625 0.0609375
0 0.875 0.88046875 0.05625 0.06875
0 0.87578125 0.178125 0.0515625 0.053125
0 0.72421875 0.2421875 0.040625 0.0328125
0 0.37109375 0.075 0.0375 0.034375
0 0.3328125 0.80859375 0.05 0.0453125
0 0.2046875 0.96953125 0.071875 0.0609375
0 0.6171875 0.8640625 0.0421875 0.0484375