0 0.12578125 0.20390625 0.028125 0.0359375
0 0.00390625 0.1984375 0.0078125 0.059375
0 0.3078125 0.215625 0.0359375 0.040625
0 0.865625 0.11484375 0.0375 0.0546875
0 0.56484375 0.4125 0.0390625 0.0578125
0 0.21875 0.33203125 0.0609375 0.0734375
0 0.03125 0.44140625 0.0265625 0.0390625
0 0.140625 0.46015625 0.028125 0.0375
0 0.215625 0.4453125 0.025 0.0296875
0 0.40390625 0.4375 0.03125 0.04375
0 0.10546875 0.7734375 0.034375 0.0515625
0 0.03359375 0.75546875 0.0234375 0.0359375
0 0.153125 0.95703125 0.025 0.028125
0 0.4375 0.82421875 0.028125 0.0359375
0 0.18125 0.72578125 0.025 0.0421875
0 0.1078125 0.6484375 0.021875 0.034375
0 0.215625 0.63515625 0.01875 0.0390625
0 0.22578125 0.53046875 0.021875 0.0390625
0 0.46484375 0.559375 0.028125 0.0453125
0 0.38359375 0.13203125 0.01875 0.0265625
0 0.24140625 0.790625 0.028125 0.0421875
0 0.53515625 0.796875 0.03125 0.0421875
0 0.5765625 0.12109375 0.0265625 0.04375
0 0.54140625 0.19765625 0.0265625 0.034375
0 0.46796875 0.27734375 0.0296875 0.0421875
0 0.940625 0.13125 0.0390625 0.059375
0 0.3125 0.10234375 0.028125 0.034375
0 0.59375 0.31171875 0.028125 0.0421875
0 0.52734375 0.28125 0.01875 0.0203125
0 0.8328125 0.2671875 0.021875 0.028125
0 0.7859375 0.06328125 0.028125 0.04375
0 0.6359375 0.14140625 0.0140625 0.021875
0 0.96484375 0.21328125 0.028125 0.0296875
0 0.94140625 0.36875 0.025 0.0296875
0 0.90546875 0.375 0.0234375 0.028125
0 0.92890625 0.4921875 0.0234375 0.028125
0 0.79765625 0.42265625 0.025 0.04375
0 0.01953125 0.8859375 0.0140625 0.0421875
0 0.0703125 0.33515625 0.0234375 0.0359375
0 0.290625 0.29765625 0.021875 0.0328125
0 0.41484375 0.23515625 0.0296875 0.0328125
0 0.4609375 0.128125 0.0265625 0.034375
0 0.4078125 0.71796875 0.015625 0.0265625
0 0.5390625 0.54609375 0.0203125 0.0359375
0 0.55625 0.35546875 0.0171875 0.0234375