0 0.5671875 0.66015625 0.015625 0.0234375
0 0.63359375 0.69921875 0.0140625 0.01796875
0 0.5390625 0.915625 0.0171875 0.01953125
0 0.6015625 0.20234375 0.0171875 0.01953125
0 0.7046875 0.27109375 0.01484375 0.0171875
0 0.63828125 0.2875 0.0125 0.015625
0 0.71875 0.1515625 0.01171875 0.0140625
0 0.64765625 0.384375 0.0078125 0.01171875
0 0.6703125 0.48125 0.0125 0.0125
0 0.35703125 0.578125 0.0109375 0.0140625
0 0.47578125 0.675 0.015625 0.01484375
0 0.1015625 0.659375 0.0109375 0.01640625
0 0.10546875 0.534375 0.0125 0.01171875
0 0.1359375 0.5796875 0.009375 0.01015625
0 0.21015625 0.53359375 0.01640625 0.0203125
0 0.378125 0.4515625 0.00859375 0.01171875
0 0.20625 0.43046875 0.01171875 0.01171875
0 0.09453125 0.3546875 0.0109375 0.01640625
0 0.01171875 0.43515625 0.00859375 0.0125
0 0.05625 0.53984375 0.0125 0.01875
0 0.0515625 0.90390625 0.01015625 0.01328125
0 0.278125 0.68671875 0.0109375 0.0140625
0 0.39140625 0.68828125 0.01328125 0.01015625
0 0.41328125 0.8984375 0.0078125 0.01171875
0 0.271875 0.878125 0.00625 0.01015625
0 0.8125 0.87421875 0.0078125 0.01328125
0 0.79453125 0.76796875 0.00625 0.00859375
0 0.07265625 0.740625 0.0109375 0.015625
0 0.35 0.23046875 0.02578125 0.03203125
0 0.746875 0.59453125 0.00859375 0.009375
0 0.1703125 0.77578125 0.015625 0.01796875
0 0.12265625 0.67578125 0.00546875 0.0078125
0 0.09921875 0.11796875 0.01328125 0.01953125
0 0.14609375 0.571875 0.0046875 0.0078125
0 0.15625 0.5 0.01015625 0.0109375
0 0.11484375 0.66640625 0.01015625 0.00859375
0 0.1125 0.65390625 0.00859375 0.01015625
0 0.12109375 0.6578125 0.009375 0.0109375