0 0.13359375 0.075 0.075 0.075
0 0.2890625 0.10390625 0.0765625 0.0765625
0 0.28671875 0.16015625 0.059375 0.0734375
0 0.33359375 0.2484375 0.059375 0.0671875
0 0.11796875 0.2984375 0.0515625 0.075
0 0.265625 0.46953125 0.040625 0.05625
0 0.35 0.478125 0.0609375 0.0640625
0 0.2375 0.5140625 0.0484375 0.0578125
0 0.10703125 0.84140625 0.0796875 0.0765625
0 0.42578125 0.79765625 0.065625 0.078125
0 0.4421875 0.86640625 0.0609375 0.071875
0 0.584375 0.8625 0.046875 0.0734375
0 0.7875 0.86171875 0.0359375 0.053125
0 0.85625 0.8453125 0.053125 0.0875
0 0.82890625 0.9734375 0.0421875 0.053125
0 0.934375 0.7328125 0.05 0.078125
0 0.9671875 0.59140625 0.05625 0.0625
0 0.61953125 0.52890625 0.05 0.0671875
0 0.61171875 0.3859375 0.0453125 0.065625
0 0.82109375 0.36796875 0.0484375 0.0484375
0 0.884375 0.484375 0.0375 0.05625
0 0.91953125 0.4515625 0.053125 0.046875
0 0.9234375 0.4984375 0.046875 0.046875
0 0.80703125 0.11171875 0.04375 0.0390625
0 0.075 0.0078125 0.0375 0.015625
0 0.075 0.08125 0.0671875 0.115625
0 0.74609375 0.9109375 0.08125 0.096875
0 0.66484375 0.38125 0.0375 0.0453125
0 0.7296875 0.31015625 0.040625 0.046875
0 0.721875 0.075 0.053125 0.046875