0 0.09921875 0.0875 0.078125 0.071875
0 0.20859375 0.14375 0.075 0.0671875
0 0.409375 0.1828125 0.10625 0.0796875
0 0.20546875 0.27109375 0.053125 0.0484375
0 0.55390625 0.5046875 0.203125 0.1625
0 0.025 0.675 0.021875 0.0625
0 0.09453125 0.8109375 0.03125 0.0328125
0 0.3140625 0.63828125 0.075 0.0734375
0 0.75546875 0.69296875 0.0640625 0.0625
0 0.8953125 0.90625 0.05625 0.0703125
0 0.909375 0.190625 0.053125 0.053125
0 0.753125 0.25234375 0.0421875 0.0328125
0 0.39609375 0.07578125 0.0375 0.0359375
0 0.34453125 0.82265625 0.05 0.0453125
0 0.2109375 0.97734375 0.071875 0.0453125
0 0.63359375 0.884375 0.0421875 0.0484375