0 0.23203125 0.0546875 0.021875 0.03359375
0 0.37734375 0.065625 0.021875 0.025
0 0.35234375 0.12578125 0.015625 0.02109375
0 0.45390625 0.35 0.01875 0.028125
0 0.78828125 0.2421875 0.025 0.02890625
0 0.715625 0.26484375 0.01953125 0.03125
0 0.5703125 0.13203125 0.02265625 0.028125
0 0.61484375 0.52421875 0.03203125 0.03125
0 0.6375 0.31953125 0.01875 0.02578125
0 0.92890625 0.44921875 0.0375 0.03046875
0 0.9 0.1390625 0.01875 0.02734375
0 0.52265625 0.9328125 0.01796875 0.0234375
0 0.228125 0.8375 0.01875 0.02734375
0 0.58125 0.5953125 0.03203125 0.03828125
0 0.69609375 0.76875 0.01328125 0.0203125
0 0.50546875 0.18359375 0.02265625 0.03671875
0 0.10078125 0.190625 0.025 0.02421875
0 0.0984375 0.16328125 0.01328125 0.01953125
0 0.11640625 0.09375 0.01796875 0.01953125
0 0.125 0.15703125 0.02421875 0.02265625
0 0.134375 0.14140625 0.0203125 0.025
0 0.11015625 0.11875 0.021875 0.02265625
0 0.01171875 0.17421875 0.0125 0.021875