0 0.78984375 0.03515625 0.025 0.0453125
0 0.53203125 0.11796875 0.0265625 0.0578125
0 0.64375 0.125 0.025 0.0515625
0 0.77890625 0.2 0.03125 0.05390625
0 0.81171875 0.23828125 0.0328125 0.05625
0 0.9078125 0.21640625 0.0296875 0.05
0 0.9140625 0.3453125 0.02578125 0.0515625
0 0.846875 0.403125 0.03046875 0.05
0 0.86875 0.4375 0.01953125 0.034375
0 0.9046875 0.45 0.02265625 0.0375
0 0.92265625 0.5546875 0.0171875 0.05234375
0 0.9671875 0.640625 0.02734375 0.05859375
0 0.89765625 0.79140625 0.028125 0.046875
0 0.8734375 0.86953125 0.028125 0.0578125
0 0.9015625 0.85625 0.025 0.05625
0 0.97734375 0.8390625 0.03046875 0.0453125
0 0.67578125 0.56953125 0.028125 0.0546875
0 0.70390625 0.63671875 0.01796875 0.03984375
0 0.76796875 0.51875 0.02578125 0.04453125
0 0.984375 0.459375 0.0203125 0.05
0 0.7390625 0.4609375 0.025 0.03828125
0 0.71953125 0.50703125 0.0171875 0.0421875
0 0.703125 0.459375 0.0171875 0.046875
0 0.7703125 0.42109375 0.025 0.05390625
0 0.6921875 0.3859375 0.01953125 0.0546875
0 0.73671875 0.409375 0.01640625 0.03125
0 0.7390625 0.25078125 0.01953125 0.03828125
0 0.62734375 0.259375 0.021875 0.0515625
0 0.640625 0.33125 0.025 0.046875
0 0.596875 0.2390625 0.021875 0.046875
0 0.584375 0.44140625 0.02890625 0.04921875
0 0.54765625 0.43203125 0.01796875 0.04453125
0 0.51015625 0.453125 0.028125 0.0625
0 0.571875 0.50703125 0.02109375 0.053125
0 0.4734375 0.57109375 0.028125 0.0546875
0 0.5203125 0.634375 0.02890625 0.046875
0 0.50625 0.696875 0.02890625 0.05546875
0 0.56484375 0.7171875 0.0328125 0.04609375
0 0.5921875 0.778125 0.02578125 0.05859375
0 0.6609375 0.89609375 0.02890625 0.04375
0 0.76953125 0.81796875 0.0234375 0.05
0 0.69453125 0.8546875 0.02421875 0.0484375
0 0.68515625 0.8921875 0.01953125 0.05234375
0 0.646875 0.9515625 0.028125 0.05546875
0 0.53125 0.9390625 0.0328125 0.0625
0 0.309375 0.9296875 0.0296875 0.04765625
0 0.21171875 0.6890625 0.021875 0.05390625
0 0.3234375 0.60234375 0.02734375 0.05234375
0 0.34140625 0.65859375 0.03828125 0.05859375
0 0.33984375 0.7296875 0.02578125 0.05390625
0 0.31484375 0.265625 0.0234375 0.04765625
0 0.45234375 0.28828125 0.015625 0.0453125
0 0.259375 0.3125 0.021875 0.05234375
0 0.28125 0.0625 0.021875 0.046875
0 0.26328125 0.01875 0.025 0.0375
0 0.2 0.06953125 0.02578125 0.0609375
0 0.06953125 0.1421875 0.021875 0.03984375
0 0.16015625 0.2109375 0.021875 0.046875
0 0.16875 0.33125 0.028125 0.0515625
0 0.14375 0.35390625 0.05 0.103125
0 0.04765625 0.57890625 0.021875 0.0484375
0 0.01015625 0.93515625 0.0203125 0.0734375
0 0.540625 0.8609375 0.03203125 0.06796875