0 0.14765625 0.065625 0.0671875 0.06015625
0 0.03125 0.059375 0.04140625 0.040625
0 0.24296875 0.13046875 0.06484375 0.0546875
0 0.425 0.18984375 0.09296875 0.0640625
0 0.22578125 0.2484375 0.04453125 0.03984375
0 0.5234375 0.50625 0.175 0.13203125
0 0.01015625 0.60546875 0.0203125 0.0546875
0 0.06015625 0.73828125 0.02578125 0.02890625
0 0.284375 0.603125 0.06328125 0.06171875
0 0.6890625 0.70390625 0.05390625 0.0515625
0 0.79609375 0.91875 0.04609375 0.06015625
0 0.88984375 0.2546875 0.04375 0.04609375
0 0.7375 0.29453125 0.0359375 0.0265625
0 0.42578125 0.0890625 0.03203125 0.0296875
0 0.2921875 0.77890625 0.04296875 0.03828125
0 0.1484375 0.9234375 0.059375 0.06796875
0 0.55390625 0.86875 0.034375 0.040625