0 0.3625 0.421875 0.02578125 0.03359375
0 0.19609375 0.4953125 0.03046875 0.03515625
0 0.38125 0.5390625 0.0234375 0.0328125
0 0.58984375 0.53671875 0.021875 0.0296875
0 0.55234375 0.540625 0.021875 0.0265625
0 0.5484375 0.60234375 0.01953125 0.02265625
0 0.81171875 0.73125 0.0203125 0.02109375
0 0.51328125 0.85625 0.01640625 0.01484375
0 0.05859375 0.82890625 0.021875 0.02578125
0 0.13046875 0.8875 0.0140625 0.01953125
0 0.18359375 0.8890625 0.0203125 0.02109375
0 0.16328125 0.9734375 0.0171875 0.015625
0 0.86484375 0.1265625 0.025 0.034375
0 0.9921875 0.18984375 0.015625 0.02734375
0 0.34921875 0.071875 0.028125 0.03046875
0 0.10078125 0.39453125 0.02890625 0.03515625
0 0.16328125 0.575 0.0171875 0.0234375
0 0.596875 0.40546875 0.02890625 0.03125
0 0.5859375 0.36015625 0.028125 0.0234375