0 0.315625 0.309375 0.01796875 0.028125
0 0.35625 0.29140625 0.02109375 0.0359375
0 0.44765625 0.24375 0.0234375 0.04375
0 0.21015625 0.4625 0.02109375 0.0484375
0 0.35859375 0.55859375 0.021875 0.04921875
0 0.41015625 0.55390625 0.01796875 0.03671875
0 0.33046875 0.8421875 0.02421875 0.05625
0 0.353125 0.97109375 0.0203125 0.05234375
0 0.325 0.96875 0.02265625 0.04453125
0 0.5265625 0.10859375 0.0171875 0.03125
0 0.26171875 0.02578125 0.02265625 0.03671875
0 0.61171875 0.121875 0.01328125 0.03046875
0 0.51015625 0.3125 0.0140625 0.028125
0 0.75859375 0.55234375 0.0234375 0.05859375
0 0.75078125 0.68828125 0.02421875 0.06171875
0 0.8140625 0.90625 0.021875 0.04140625
0 0.86328125 0.8609375 0.0203125 0.03203125
0 0.91171875 0.8671875 0.01875 0.0375
0 0.61484375 0.77109375 0.0171875 0.02734375
0 0.7296875 0.77734375 0.0078125 0.021875
0 0.78828125 0.62890625 0.01953125 0.0578125
0 0.815625 0.61796875 0.01015625 0.01953125
0 0.8890625 0.74921875 0.01953125 0.0296875
0 0.9875 0.21796875 0.01875 0.0328125
0 0.83515625 0.2921875 0.0140625 0.0265625
0 0.63046875 0.85546875 0.01328125 0.03046875
0 0.8484375 0.96640625 0.0109375 0.02109375