0 0.11171875 0.06015625 0.01875 0.01640625
0 0.0265625 0.1078125 0.02109375 0.0203125
0 0.19921875 0.08359375 0.03046875 0.02890625
0 0.28203125 0.06953125 0.01875 0.01953125
0 0.3546875 0.14140625 0.03125 0.0234375
0 0.31640625 0.23984375 0.02265625 0.01796875
0 0.22578125 0.25859375 0.02578125 0.02109375
0 0.0890625 0.31328125 0.0265625 0.01953125
0 0.3078125 0.296875 0.02109375 0.01953125
0 0.64140625 0.2046875 0.03359375 0.0234375
0 0.4609375 0.303125 0.0375 0.02578125
0 0.42265625 0.259375 0.02109375 0.0203125
0 0.4828125 0.13671875 0.01796875 0.01796875
0 0.490625 0.63046875 0.028125 0.02265625
0 0.75234375 0.66953125 0.02890625 0.02734375
0 0.38125 0.803125 0.02578125 0.02421875
0 0.6234375 0.76015625 0.034375 0.02578125
0 0.615625 0.78203125 0.0234375 0.0203125
0 0.67265625 0.77109375 0.02578125 0.01640625
0 0.75390625 0.7875 0.03125 0.02421875
0 0.48515625 0.83828125 0.02265625 0.0171875
0 0.42265625 0.8640625 0.021875 0.02109375
0 0.5140625 0.5375 0.0203125 0.01640625
0 0.421875 0.47578125 0.02421875 0.02109375
0 0.68515625 0.478125 0.02578125 0.0203125
0 0.5828125 0.45625 0.02265625 0.02109375
0 0.5171875 0.4625 0.0265625 0.01875
0 0.83984375 0.52265625 0.0171875 0.0203125
0 0.184375 0.16640625 0.025 0.0171875
0 0.05078125 0.1296875 0.01328125 0.01484375
0 0.07421875 0.103125 0.0171875 0.0140625
0 0.28203125 0.0171875 0.02421875 0.0171875
0 0.38984375 0.07421875 0.01484375 0.01640625
0 0.46328125 0.0515625 0.021875 0.01796875
0 0.42890625 0.115625 0.02421875 0.0171875
0 0.2875 0.13828125 0.01640625 0.015625
0 0.290625 0.1703125 0.021875 0.01875
0 0.4765625 0.2109375 0.01953125 0.015625
0 0.51015625 0.17265625 0.0171875 0.0140625
0 0.53046875 0.109375 0.025 0.02109375
0 0.57890625 0.07890625 0.01875 0.01484375
0 0.5421875 0.04296875 0.01796875 0.0171875
0 0.5078125 0.06953125 0.0140625 0.0125
0 0.62421875 0.078125 0.021875 0.01484375
0 0.59453125 0.0078125 0.01953125 0.01328125
0 0.58203125 0.0296875 0.015625 0.01328125
0 0.61796875 0.04921875 0.015625 0.0171875
0 0.659375 0.028125 0.025 0.0125
0 0.6515625 0.12421875 0.0234375 0.01953125
0 0.69296875 0.15703125 0.01640625 0.01640625
0 0.5875 0.1671875 0.01953125 0.01484375
0 0.8203125 0.12578125 0.0171875 0.015625
0 0.85546875 0.16640625 0.02265625 0.0171875
0 0.8484375 0.2 0.02265625 0.01953125
0 0.86484375 0.09609375 0.0265625 0.025
0 0.69765625 0.265625 0.01640625 0.021875
0 0.58984375 0.5546875 0.02109375 0.021875
0 0.5921875 0.6546875 0.01796875 0.0140625
0 0.49140625 0.57109375 0.0203125 0.0140625
0 0.43203125 0.6296875 0.02109375 0.015625
0 0.1953125 0.7796875 0.0203125 0.01484375
0 0.1546875 0.75078125 0.01640625 0.015625
0 0.16171875 0.6671875 0.0171875 0.0171875
0 0.390625 0.58515625 0.0203125 0.0140625
0 0.26015625 0.48359375 0.01796875 0.01796875
0 0.50546875 0.9359375 0.02109375 0.015625
0 0.32109375 0.90859375 0.01640625 0.01484375
0 0.36796875 0.95625 0.0265625 0.01484375
0 0.565625 0.7953125 0.02421875 0.0171875
0 0.65859375 0.834375 0.01796875 0.01328125
0 0.90625 0.86484375 0.01875 0.01640625
0 0.98671875 0.86328125 0.01171875 0.01171875
0 0.72734375 0.75390625 0.01796875 0.0140625
0 0.715625 0.8234375 0.015625 0.0140625
0 0.6703125 0.66484375 0.0234375 0.01796875
0 0.6359375 0.5734375 0.01640625 0.0171875
0 0.6640625 0.55546875 0.01796875 0.015625
0 0.75546875 0.55234375 0.0171875 0.01484375
0 0.6296875 0.3625 0.02421875 0.0140625
0 0.125 0.2796875 0.01640625 0.009375
0 0.78515625 0.11015625 0.01953125 0.01171875