0 0.721875 0.18515625 0.025 0.03125
0 0.4609375 0.16953125 0.0375 0.0421875
0 0.34609375 0.18671875 0.0296875 0.0375
0 0.65078125 0.109375 0.015625 0.0203125
0 0.72890625 0.0359375 0.0125 0.021875
0 0.44296875 0.00703125 0.015625 0.0140625
0 0.06640625 0.1421875 0.015625 0.021875
0 0.221875 0.65 0.0171875 0.025
0 0.32265625 0.63046875 0.025 0.0296875
0 0.77265625 0.4234375 0.028125 0.034375
0 0.628125 0.74609375 0.01875 0.0296875
0 0.7046875 0.98125 0.025 0.0375
0 0.275 0.74375 0.028125 0.0359375
0 0.1203125 0.75546875 0.021875 0.0328125
0 0.05 0.7109375 0.01875 0.028125
0 0.14375 0.88046875 0.0265625 0.034375
0 0.18828125 0.93984375 0.0296875 0.034375
0 0.72734375 0.16796875 0.028125 0.028125
0 0.6015625 0.3265625 0.0125 0.0203125
0 0.5765625 0.04921875 0.0125 0.01875