0 0.42734375 0.31484375 0.025 0.04375
0 0.24453125 0.334375 0.015625 0.021875
0 0.15234375 0.51015625 0.021875 0.0328125
0 0.2125 0.58125 0.021875 0.0375
0 0.48515625 0.890625 0.0171875 0.025
0 0.828125 0.821875 0.0171875 0.0234375
0 0.9359375 0.4359375 0.015625 0.021875
0 0.8 0.16015625 0.0234375 0.0296875
0 0.7890625 0.30546875 0.0171875 0.025
0 0.3640625 0.00859375 0.021875 0.0078125
0 0.70703125 0.15390625 0.028125 0.0484375
0 0.83828125 0.0203125 0.015625 0.0203125
0 0.4765625 0.15703125 0.0296875 0.0390625
0 0.921875 0.05859375 0.0265625 0.04375