0 0.625 0.221875 0.0765625 0.071875
0 0.67109375 0.24765625 0.0453125 0.04375
0 0.628125 0.3984375 0.053125 0.071875
0 0.6078125 0.35 0.05 0.0625
0 0.9375 0.203125 0.0328125 0.0390625
0 0.95859375 0.16171875 0.0421875 0.05
0 0.41328125 0.37421875 0.0484375 0.0625
0 0.7859375 0.62578125 0.0484375 0.0625
0 0.98515625 0.4609375 0.0296875 0.05625
0 0.42734375 0.58984375 0.0546875 0.059375
0 0.72109375 0.8640625 0.0484375 0.053125
0 0.70234375 0.81796875 0.0390625 0.05
0 0.746875 0.80625 0.0546875 0.06875
0 0.63828125 0.86328125 0.05625 0.05625
0 0.48203125 0.8125 0.034375 0.0484375
0 0.0953125 0.8703125 0.0515625 0.0578125
0 0.0703125 0.521875 0.0421875 0.05
0 0.3734375 0.33671875 0.0703125 0.0640625
0 0.29453125 0.32890625 0.05625 0.0515625
0 0.11640625 0.0953125 0.0515625 0.0453125
0 0.4515625 0.7859375 0.0640625 0.0546875
0 0.7140625 0.21875 0.0484375 0.0390625
0 0.59921875 0.1640625 0.0328125 0.04375