0 0.16328125 0.15 0.028125 0.0484375
0 0.165625 0.2640625 0.0265625 0.0421875
0 0.21796875 0.27109375 0.0265625 0.040625
0 0.05859375 0.47421875 0.0265625 0.04375
0 0.2125 0.35546875 0.0265625 0.0390625
0 0.28203125 0.3046875 0.0234375 0.0390625
0 0.28046875 0.190625 0.0265625 0.0375
0 0.33984375 0.115625 0.021875 0.0359375
0 0.371875 0.11796875 0.0203125 0.034375
0 0.43671875 0.09765625 0.021875 0.03125
0 0.37421875 0.246875 0.0234375 0.0375
0 0.2421875 0.4640625 0.0234375 0.0328125
0 0.31796875 0.4015625 0.0234375 0.0328125
0 0.33046875 0.43203125 0.0203125 0.03125
0 0.45859375 0.60703125 0.0234375 0.0328125
0 0.40234375 0.6625 0.03125 0.040625
0 0.4390625 0.3296875 0.0203125 0.0390625
0 0.459375 0.296875 0.0203125 0.03125
0 0.4578125 0.33046875 0.0203125 0.0296875
0 0.4609375 0.15 0.0203125 0.0203125
0 0.53828125 0.01875 0.0234375 0.0328125
0 0.52421875 0.0828125 0.021875 0.0328125
0 0.5078125 0.16640625 0.028125 0.0359375
0 0.5 0.21015625 0.0171875 0.028125
0 0.58828125 0.11328125 0.0203125 0.03125
0 0.603125 0.00234375 0.03125 0.0046875
0 0.56640625 0.003125 0.0265625 0.00625
0 0.66953125 0.02265625 0.021875 0.0328125
0 0.6328125 0.040625 0.0234375 0.03125
0 0.6203125 0.12421875 0.0234375 0.034375
0 0.67890625 0.1734375 0.0234375 0.0328125
0 0.6453125 0.1953125 0.0265625 0.0359375
0 0.5125 0.29375 0.021875 0.0328125
0 0.5390625 0.2859375 0.021875 0.034375
0 0.5796875 0.325 0.021875 0.03125
0 0.61015625 0.32734375 0.021875 0.0296875
0 0.66171875 0.2625 0.0171875 0.0265625
0 0.68984375 0.28125 0.01875 0.0296875
0 0.6421875 0.36484375 0.01875 0.034375
0 0.69453125 0.35625 0.0234375 0.0390625
0 0.6390625 0.41953125 0.01875 0.028125
0 0.6203125 0.475 0.025 0.0390625
0 0.57890625 0.57421875 0.0171875 0.0296875
0 0.63359375 0.578125 0.0203125 0.034375
0 0.753125 0.3796875 0.0234375 0.034375
0 0.79921875 0.31328125 0.0203125 0.03125
0 0.86875 0.2640625 0.01875 0.0296875
0 0.7078125 0.10390625 0.0171875 0.025
0 0.79921875 0.16640625 0.01875 0.0328125
0 0.81328125 0.0484375 0.021875 0.0328125
0 0.85703125 0.04609375 0.0203125 0.028125
0 0.8765625 0.0765625 0.01875 0.025
0 0.90234375 0.053125 0.01875 0.028125
0 0.90625 0.096875 0.025 0.0296875
0 0.92578125 0.18203125 0.0203125 0.0296875
0 0.878125 0.39765625 0.0203125 0.034375
0 0.909375 0.41640625 0.021875 0.0328125
0 0.9625 0.42265625 0.0203125 0.034375
0 0.8203125 0.48125 0.0296875 0.0390625
0 0.70703125 0.5125 0.0265625 0.034375
0 0.6734375 0.5234375 0.0203125 0.028125
0 0.81171875 0.534375 0.021875 0.034375
0 0.77421875 0.4953125 0.0265625 0.040625
0 0.8890625 0.58046875 0.0203125 0.0359375
0 0.84140625 0.6140625 0.01875 0.0359375
0 0.89609375 0.653125 0.0203125 0.03125
0 0.9328125 0.7234375 0.021875 0.034375
0 0.81015625 0.76171875 0.021875 0.0328125
0 0.69765625 0.659375 0.01875 0.034375
0 0.57890625 0.7578125 0.025 0.0359375
0 0.70390625 0.78515625 0.0265625 0.040625
0 0.66640625 0.78203125 0.015625 0.0265625
0 0.6171875 0.82734375 0.0234375 0.0375
0 0.5921875 0.88515625 0.0203125 0.03125
0 0.5734375 0.94921875 0.025 0.0421875
0 0.67578125 0.90078125 0.0203125 0.0265625
0 0.71640625 0.8703125 0.025 0.028125
0 0.74453125 0.91875 0.0171875 0.0265625
0 0.79375 0.9 0.028125 0.0359375
0 0.8609375 0.9140625 0.025 0.03125
0 0.8515625 0.9390625 0.015625 0.028125
0 0.93203125 0.828125 0.01875 0.0296875
0 0.9421875 0.81171875 0.0171875 0.0265625