0 0.359375 0.2671875 0.021875 0.0328125
0 0.40546875 0.253125 0.0265625 0.040625
0 0.5078125 0.2140625 0.03125 0.05
0 0.22890625 0.415625 0.028125 0.0546875
0 0.371875 0.53515625 0.028125 0.0546875
0 0.4265625 0.53828125 0.0234375 0.0421875
0 0.30625 0.8328125 0.0328125 0.0625
0 0.31328125 0.9609375 0.028125 0.0421875
0 0.284375 0.9578125 0.028125 0.0421875
0 0.6078125 0.08125 0.021875 0.0359375
0 0.69609375 0.10625 0.0171875 0.034375
0 0.5640625 0.2953125 0.01875 0.03125
0 0.79453125 0.58125 0.0328125 0.065625
0 0.76953125 0.72421875 0.034375 0.06875
0 0.8078125 0.96328125 0.028125 0.046875
0 0.86484375 0.921875 0.025 0.0359375
0 0.91484375 0.93515625 0.025 0.0421875
0 0.61484375 0.79453125 0.021875 0.03125
0 0.73515625 0.81640625 0.0109375 0.0234375
0 0.815625 0.66640625 0.028125 0.0625
0 0.846875 0.6578125 0.0140625 0.021875
0 0.90625 0.80625 0.025 0.034375
0 0.909375 0.315625 0.01875 0.0296875
0 0.6203125 0.88515625 0.01875 0.034375