0 0.9078125 0.0453125 0.0171875 0.025
0 0.70234375 0.0171875 0.0171875 0.021875
0 0.54609375 0.0625 0.01875 0.025
0 0.1515625 0.1171875 0.0171875 0.025
0 0.34921875 0.17265625 0.0234375 0.028125
0 0.37109375 0.29453125 0.0171875 0.0265625
0 0.49609375 0.28203125 0.021875 0.03125
0 0.61171875 0.3359375 0.021875 0.03125
0 0.7703125 0.24453125 0.021875 0.0296875
0 0.68359375 0.45078125 0.0265625 0.0421875
0 0.85078125 0.60078125 0.021875 0.0328125
0 0.7734375 0.5765625 0.01875 0.028125
0 0.99140625 0.475 0.0171875 0.028125
0 0.225 0.53046875 0.0296875 0.034375
0 0.059375 0.6703125 0.03125 0.040625
0 0.12734375 0.6609375 0.0265625 0.0359375
0 0.34921875 0.71640625 0.0203125 0.0265625
0 0.55078125 0.72265625 0.021875 0.03125
0 0.534375 0.6765625 0.028125 0.04375
0 0.41171875 0.5359375 0.028125 0.0390625
0 0.4890625 0.959375 0.0203125 0.0296875
0 0.3109375 0.83828125 0.025 0.028125
0 0.23203125 0.85703125 0.028125 0.0375
0 0.0796875 0.98359375 0.028125 0.0328125
0 0.1984375 0.68359375 0.0203125 0.0203125
0 0.3953125 0.46640625 0.0171875 0.03125