0 0.18828125 0.0140625 0.0296875 0.028125
0 0.4609375 0.1109375 0.0328125 0.0640625
0 0.33984375 0.1109375 0.0296875 0.0578125
0 0.18828125 0.18125 0.0375 0.059375
0 0.15078125 0.2203125 0.0390625 0.0625
0 0.0484375 0.1890625 0.0359375 0.05625
0 0.0328125 0.328125 0.03125 0.0578125
0 0.10078125 0.39453125 0.0359375 0.05625
0 0.075 0.43046875 0.0234375 0.0375
0 0.03515625 0.440625 0.0265625 0.0421875
0 0.009375 0.55078125 0.01875 0.0578125
0 0.0171875 0.809375 0.0328125 0.0515625
0 0.0359375 0.8953125 0.034375 0.0640625
0 0.01171875 0.878125 0.0234375 0.0625
0 0.271875 0.5875 0.034375 0.0609375
0 0.2359375 0.65703125 0.021875 0.0453125
0 0.17734375 0.525 0.03125 0.05
0 0.2125 0.46484375 0.0296875 0.04375
0 0.23046875 0.51640625 0.021875 0.046875
0 0.25078125 0.46640625 0.021875 0.0515625
0 0.18125 0.41953125 0.03125 0.059375
0 0.26796875 0.38828125 0.025 0.0609375
0 0.21796875 0.41015625 0.0203125 0.034375
0 0.228125 0.2390625 0.0234375 0.0421875
0 0.34765625 0.25703125 0.0265625 0.0578125
0 0.32734375 0.3328125 0.03125 0.053125
0 0.38203125 0.2375 0.0265625 0.0515625
0 0.38046875 0.45546875 0.034375 0.0546875
0 0.4203125 0.44921875 0.0234375 0.05
0 0.45859375 0.47421875 0.034375 0.06875
0 0.38828125 0.52734375 0.028125 0.059375
0 0.48984375 0.60390625 0.034375 0.0609375
0 0.434375 0.66875 0.034375 0.053125
0 0.44453125 0.73671875 0.0359375 0.0609375
0 0.38046875 0.75390625 0.0390625 0.0515625
0 0.34609375 0.81796875 0.03125 0.065625
0 0.26328125 0.9390625 0.034375 0.05
0 0.15234375 0.84765625 0.0296875 0.05625
0 0.23046875 0.8921875 0.0296875 0.0546875
0 0.2375 0.9328125 0.025 0.0578125
0 0.2796875 0.9765625 0.03125 0.0203125
0 0.40390625 0.97578125 0.040625 0.040625
0 0.64375 0.9859375 0.0375 0.028125
0 0.76171875 0.75078125 0.028125 0.059375
0 0.64921875 0.6484375 0.0328125 0.059375
0 0.625 0.7078125 0.0453125 0.065625
0 0.621875 0.78515625 0.0328125 0.0609375
0 0.68359375 0.2875 0.0296875 0.053125
0 0.534375 0.3 0.0203125 0.05
0 0.7390625 0.34140625 0.028125 0.0578125
0 0.734375 0.07109375 0.0265625 0.0515625
0 0.759375 0.0296875 0.028125 0.0265625
0 0.82109375 0.084375 0.0328125 0.0671875
0 0.95703125 0.17265625 0.0265625 0.04375
0 0.85390625 0.23984375 0.0265625 0.0515625
0 0.8359375 0.36875 0.034375 0.0578125
0 0.8609375 0.39453125 0.0609375 0.1140625
0 0.94765625 0.64375 0.0265625 0.053125
0 0.95859375 0.99453125 0.0171875 0.0109375
0 0.39609375 0.91015625 0.0390625 0.075