0 0.64140625 0.14765625 0.025 0.04375
0 0.7 0.13671875 0.0296875 0.0375
0 0.6546875 0.05078125 0.0296875 0.0328125
0 0.85234375 0.084375 0.04375 0.0328125
0 0.5390625 0.19609375 0.0265625 0.0296875
0 0.765625 0.2484375 0.0234375 0.0265625
0 0.7703125 0.37890625 0.025 0.0296875
0 0.7 0.38828125 0.025 0.03125
0 0.60703125 0.38671875 0.0296875 0.046875
0 0.45625 0.43984375 0.025 0.028125
0 0.4015625 0.35390625 0.028125 0.028125
0 0.49609375 0.3359375 0.0296875 0.04375
0 0.1484375 0.49609375 0.025 0.021875
0 0.51328125 0.48203125 0.0234375 0.0390625
0 0.68515625 0.66640625 0.021875 0.034375
0 0.471875 0.8375 0.0234375 0.0359375
0 0.96484375 0.80234375 0.025 0.0359375
0 0.3265625 0.4703125 0.0234375 0.0234375
0 0.26953125 0.378125 0.028125 0.021875
0 0.62890625 0.46953125 0.034375 0.028125
0 0.625 0.546875 0.021875 0.03125
0 0.54453125 0.690625 0.0390625 0.0359375
0 0.6578125 0.13046875 0.040625 0.0453125