0 0.4328125 0.3203125 0.0234375 0.04140625
0 0.25390625 0.33359375 0.015625 0.021875
0 0.15625 0.5015625 0.01953125 0.03125
0 0.2140625 0.5734375 0.01953125 0.03671875
0 0.46953125 0.884375 0.015625 0.02421875
0 0.80703125 0.82890625 0.015625 0.02265625
0 0.9265625 0.45625 0.01484375 0.02109375
0 0.803125 0.18203125 0.02109375 0.028125
0 0.78671875 0.3234375 0.01484375 0.025
0 0.38125 0.01171875 0.0203125 0.02265625
0 0.71171875 0.1734375 0.02578125 0.046875
0 0.84453125 0.04609375 0.015625 0.01875
0 0.4859375 0.16796875 0.02734375 0.0375
0 0.925 0.0875 0.025 0.0421875