0 0.40078125 0.2140625 0.07109375 0.06484375
0 0.353125 0.2359375 0.04140625 0.0390625
0 0.38203125 0.38828125 0.04765625 0.06796875
0 0.40625 0.3421875 0.04375 0.05859375
0 0.09296875 0.16953125 0.0296875 0.03671875
0 0.07578125 0.12578125 0.03671875 0.04609375
0 0.596875 0.3828125 0.04296875 0.0578125
0 0.20625 0.59921875 0.04375 0.0578125
0 0.0203125 0.421875 0.03671875 0.05546875
0 0.5640625 0.5953125 0.05078125 0.05390625
0 0.24921875 0.840625 0.04296875 0.04921875
0 0.27265625 0.796875 0.03515625 0.04765625
0 0.2296875 0.78125 0.04921875 0.0640625
0 0.33125 0.846875 0.05078125 0.05078125
0 0.490625 0.809375 0.03125 0.04453125
0 0.9875 0.89453125 0.02421875 0.0453125
0 0.86875 0.9 0.04609375 0.053125
0 0.921875 0.55859375 0.0390625 0.04609375
0 0.6390625 0.34921875 0.06484375 0.05859375
0 0.71796875 0.3484375 0.0515625 0.04609375
0 0.9140625 0.13359375 0.046875 0.03984375
0 0.853125 0.01328125 0.0625 0.0265625
0 0.52265625 0.78671875 0.05859375 0.05
0 0.3125 0.203125 0.0453125 0.03515625
0 0.43046875 0.159375 0.02890625 0.040625