0 0.04921875 0.06484375 0.015625 0.01953125
0 0.21015625 0.0609375 0.01640625 0.025
0 0.16015625 0.090625 0.0140625 0.02578125
0 0.02265625 0.16640625 0.00859375 0.0125
0 0.321875 0.384375 0.01640625 0.03359375
0 0.5921875 0.18671875 0.0234375 0.0375
0 0.4796875 0.18828125 0.01171875 0.02109375
0 0.49453125 0.3890625 0.015625 0.02734375
0 0.671875 0.403125 0.015625 0.03125
0 0.86875 0.16953125 0.01015625 0.025
0 0.98046875 0.1328125 0.01015625 0.02265625
0 0.5953125 0.5984375 0.02109375 0.040625
0 0.7453125 0.509375 0.0109375 0.02578125
0 0.7109375 0.859375 0.0171875 0.0328125
0 0.37421875 0.79375 0.0125 0.02109375
0 0.95625 0.68046875 0.01328125 0.03828125
0 0.9078125 0.77265625 0.0125 0.02578125
0 0.8875 0.934375 0.02421875 0.0390625
0 0.9953125 0.5859375 0.00859375 0.02265625
0 0.9828125 0.74375 0.0171875 0.0390625
0 0.79296875 0.57265625 0.00859375 0.01953125
0 0.8515625 0.61640625 0.0078125 0.01875
0 0.65 0.225 0.01171875 0.01875