0 0.21875 0.05625 0.0234375 0.034375
0 0.36640625 0.065625 0.0234375 0.025
0 0.34296875 0.1265625 0.015625 0.021875
0 0.44921875 0.35234375 0.0203125 0.028125
0 0.78671875 0.2375 0.025 0.0296875
0 0.71328125 0.2609375 0.0203125 0.0328125
0 0.56328125 0.12890625 0.0234375 0.028125
0 0.615625 0.5265625 0.0328125 0.0328125
0 0.634375 0.31796875 0.0203125 0.0265625
0 0.93203125 0.44453125 0.0390625 0.03125
0 0.89765625 0.13046875 0.0203125 0.028125
0 0.5296875 0.94296875 0.01875 0.025
0 0.22890625 0.85078125 0.0203125 0.028125
0 0.58203125 0.59921875 0.0328125 0.0390625
0 0.70234375 0.7734375 0.0140625 0.0203125
0 0.4984375 0.1828125 0.0234375 0.0375
0 0.08828125 0.196875 0.0265625 0.025
0 0.0859375 0.16953125 0.0140625 0.0203125
0 0.103125 0.0984375 0.01875 0.0203125
0 0.1125 0.1625 0.025 0.0234375
0 0.121875 0.1453125 0.0203125 0.0265625
0 0.096875 0.12421875 0.021875 0.0234375
0 0.00078125 0.18046875 0.0015625 0.0234375