0 0.2796875 0.32890625 0.021875 0.03125
0 0.31875 0.3046875 0.0265625 0.0390625
0 0.40390625 0.24375 0.0296875 0.046875
0 0.1953125 0.4984375 0.028125 0.0515625
0 0.35859375 0.575 0.028125 0.053125
0 0.41015625 0.56328125 0.0234375 0.0390625
0 0.37109375 0.86640625 0.03125 0.0609375
0 0.41015625 0.98125 0.0296875 0.0375
0 0.38359375 0.98515625 0.0296875 0.0296875
0 0.46484375 0.0953125 0.021875 0.034375
0 0.184375 0.053125 0.0234375 0.0296875
0 0.5515625 0.09765625 0.01875 0.0328125
0 0.4765625 0.3046875 0.0171875 0.03125
0 0.76015625 0.5125 0.03125 0.0625
0 0.77265625 0.65078125 0.0328125 0.065625
0 0.8671875 0.86171875 0.028125 0.0453125
0 0.91015625 0.809375 0.025 0.0359375
0 0.96015625 0.809375 0.025 0.040625
0 0.646875 0.75390625 0.0203125 0.0296875
0 0.7640625 0.74375 0.0109375 0.0234375
0 0.80234375 0.58515625 0.028125 0.0609375
0 0.828125 0.56953125 0.0140625 0.0203125
0 0.92109375 0.6921875 0.0234375 0.0328125
0 0.94453125 0.14140625 0.0234375 0.0359375
0 0.8015625 0.23828125 0.01875 0.0296875
0 0.675 0.8359375 0.01875 0.0328125
0 0.9109375 0.91796875 0.0140625 0.0234375