0 0.2296875 0.09453125 0.0328125 0.0578125
0 0.31015625 0.38984375 0.028125 0.053125
0 0.2484375 0.62265625 0.034375 0.0671875
0 0.03828125 0.61953125 0.028125 0.053125
0 0.1484375 0.78125 0.021875 0.0546875
0 0.190625 0.70859375 0.0203125 0.046875
0 0.3 0.70078125 0.03125 0.0609375
0 0.53359375 0.26796875 0.0328125 0.053125
0 0.56015625 0.3703125 0.0234375 0.0421875
0 0.60234375 0.28046875 0.021875 0.0453125
0 0.71796875 0.32890625 0.0328125 0.0484375
0 0.66796875 0.37421875 0.0265625 0.0453125
0 0.64296875 0.49453125 0.0328125 0.0578125
0 0.61171875 0.5625 0.021875 0.0359375
0 0.65546875 0.53125 0.0359375 0.0578125
0 0.77421875 0.17109375 0.0203125 0.0390625
0 0.87421875 0.09296875 0.0421875 0.0671875
0 0.92421875 0.0953125 0.0265625 0.0515625
0 0.9609375 0.13984375 0.0265625 0.0421875
0 0.92109375 0.35859375 0.0359375 0.065625
0 0.98046875 0.646875 0.0203125 0.0453125
0 0.78984375 0.89140625 0.034375 0.059375