0 0.053125 0.11953125 0.0140625 0.021875
0 0.24453125 0.065625 0.01328125 0.01953125
0 0.39921875 0.0875 0.01484375 0.021875
0 0.78203125 0.0875 0.01484375 0.02265625
0 0.60078125 0.16640625 0.01875 0.02421875
0 0.59609375 0.2859375 0.01328125 0.0234375
0 0.47578125 0.290625 0.0171875 0.028125
0 0.37265625 0.35703125 0.0171875 0.02734375
0 0.21015625 0.29140625 0.01796875 0.0265625
0 0.31953125 0.47578125 0.0203125 0.0375
0 0.18046875 0.64140625 0.0171875 0.03046875
0 0.2515625 0.60859375 0.01484375 0.025
0 0.02578125 0.6203125 0.01640625 0.02109375
0 0.0296875 0.54140625 0.0125 0.02421875
0 0.7671875 0.49140625 0.025 0.03046875
0 0.94296875 0.6015625 0.02578125 0.0359375
0 0.87734375 0.60234375 0.021875 0.03203125
0 0.6734375 0.684375 0.01640625 0.02421875
0 0.4828125 0.7171875 0.0171875 0.02734375
0 0.4921875 0.671875 0.021875 0.03984375
0 0.58984375 0.52109375 0.02265625 0.03515625
0 0.57265625 0.93515625 0.015625 0.0265625
0 0.72578125 0.79609375 0.0203125 0.025
0 0.803125 0.803125 0.0234375 0.03359375
0 0.965625 0.9046875 0.02265625 0.03046875
0 0.8125 0.63359375 0.0171875 0.0171875
0 0.59609375 0.45234375 0.0125 0.0296875