0 0.4953125 0.303125 0.0640625 0.0875
0 0.16484375 0.3390625 0.05 0.071875
0 0.0328125 0.22109375 0.0328125 0.0578125
0 0.0984375 0.10703125 0.0421875 0.0546875
0 0.42578125 0.26484375 0.040625 0.0609375
0 0.2828125 0.1828125 0.03125 0.05625
0 0.31484375 0.05859375 0.03125 0.05625
0 0.30625 0.6125 0.028125 0.059375
0 0.5484375 0.53984375 0.0390625 0.05625
0 0.525 0.95625 0.0328125 0.0515625
0 0.440625 0.8984375 0.025 0.05
0 0.8609375 0.5875 0.0328125 0.0640625
0 0.89453125 0.5046875 0.028125 0.046875
0 0.91953125 0.78828125 0.0390625 0.0828125
0 0.7109375 0.6078125 0.025 0.0421875
0 0.6078125 0.61953125 0.025 0.0421875
0 0.646875 0.53828125 0.0359375 0.0546875
0 0.59609375 0.50546875 0.0265625 0.0390625
0 0.7546875 0.47265625 0.0359375 0.040625
0 0.6515625 0.22890625 0.028125 0.040625
0 0.703125 0.24375 0.025 0.0453125
0 0.2453125 0.66328125 0.0296875 0.05625
0 0.59453125 0.37421875 0.0390625 0.0484375
0 0.684375 0.359375 0.0375 0.0625