0 0.78984375 0.01484375 0.0328125 0.0296875
0 0.51796875 0.1046875 0.0359375 0.0390625
0 0.903125 0.390625 0.03125 0.03125
0 0.9953125 0.61640625 0.009375 0.0265625
0 0.965625 0.74921875 0.021875 0.0203125
0 0.78203125 0.87890625 0.028125 0.0234375
0 0.5546875 0.7109375 0.0578125 0.05
0 0.34296875 0.9171875 0.0609375 0.0484375
0 0.39375 0.97578125 0.01875 0.0125
0 0.7234375 0.50859375 0.03125 0.0296875
0 0.0203125 0.21328125 0.040625 0.0421875
0 0.059375 0.73125 0.0265625 0.0265625
0 0.184375 0.6875 0.021875 0.01875
0 0.34140625 0.43828125 0.015625 0.0265625
0 0.41171875 0.584375 0.025 0.0171875