0 0.78046875 0.01796875 0.0296875 0.0359375
0 0.51015625 0.11953125 0.0328125 0.0640625
0 0.63046875 0.11875 0.0296875 0.0578125
0 0.78125 0.18984375 0.0375 0.059375
0 0.8203125 0.22890625 0.0390625 0.0625
0 0.92109375 0.196875 0.0359375 0.05625
0 0.93828125 0.3359375 0.03125 0.0578125
0 0.86953125 0.403125 0.0359375 0.05625
0 0.89609375 0.43828125 0.0234375 0.0375
0 0.9359375 0.44921875 0.0265625 0.0421875
0 0.96328125 0.56015625 0.021875 0.0578125
0 0.95390625 0.8171875 0.0328125 0.0515625
0 0.93359375 0.90390625 0.034375 0.0640625
0 0.9625 0.88671875 0.03125 0.0625
0 0.6984375 0.5953125 0.034375 0.0609375
0 0.73359375 0.665625 0.021875 0.0453125
0 0.79375 0.53359375 0.03125 0.05
0 0.7578125 0.4734375 0.0296875 0.04375
0 0.740625 0.525 0.021875 0.046875
0 0.71875 0.47421875 0.021875 0.0515625
0 0.7890625 0.428125 0.03125 0.059375
0 0.70234375 0.396875 0.025 0.0609375
0 0.75234375 0.41796875 0.0203125 0.034375
0 0.7421875 0.246875 0.0234375 0.0421875
0 0.62265625 0.2640625 0.0265625 0.0578125
0 0.64296875 0.340625 0.03125 0.053125
0 0.5890625 0.2453125 0.0265625 0.0515625
0 0.590625 0.4640625 0.034375 0.0546875
0 0.55 0.45703125 0.0234375 0.05
0 0.51171875 0.4828125 0.034375 0.06875
0 0.58203125 0.5359375 0.028125 0.059375
0 0.48125 0.6125 0.034375 0.0609375
0 0.53671875 0.6765625 0.034375 0.053125
0 0.5265625 0.74453125 0.0359375 0.0609375
0 0.590625 0.7625 0.0390625 0.0515625
0 0.625 0.8265625 0.03125 0.065625
0 0.70703125 0.94765625 0.034375 0.05
0 0.81875 0.85546875 0.0296875 0.05625
0 0.73984375 0.9 0.0296875 0.0546875
0 0.7328125 0.94140625 0.025 0.0578125
0 0.69140625 0.98125 0.03125 0.0140625
0 0.5671875 0.98046875 0.0390625 0.0328125
0 0.32734375 0.990625 0.0359375 0.01875
0 0.20859375 0.75859375 0.028125 0.059375
0 0.32109375 0.65625 0.0328125 0.059375
0 0.3453125 0.715625 0.0453125 0.065625
0 0.34921875 0.79296875 0.0328125 0.0609375
0 0.2875 0.29453125 0.0296875 0.053125
0 0.43671875 0.30859375 0.0203125 0.05
0 0.23125 0.35 0.028125 0.0578125
0 0.2359375 0.07890625 0.0265625 0.0515625
0 0.21171875 0.034375 0.028125 0.0328125
0 0.1484375 0.0921875 0.0328125 0.0671875
0 0.0140625 0.18046875 0.0265625 0.04375
0 0.11640625 0.24765625 0.0265625 0.0515625
0 0.13515625 0.3765625 0.034375 0.0578125
0 0.11015625 0.40234375 0.0609375 0.1140625
0 0.0234375 0.65234375 0.0265625 0.053125
0 0.575 0.91875 0.0390625 0.075