0 0.3328125 0.025 0.01875 0.009375
0 0.29296875 0.08046875 0.025 0.0359375
0 0.2296875 0.115625 0.0234375 0.034375
0 0.1234375 0.10625 0.025 0.03125
0 0.009375 0.1734375 0.01875 0.03125
0 0.11875 0.2171875 0.0203125 0.0296875
0 0.01171875 0.26171875 0.01875 0.028125
0 0.07109375 0.26640625 0.0265625 0.03125
0 0.25546875 0.17734375 0.01875 0.0359375
0 0.3140625 0.15390625 0.0234375 0.0359375
0 0.075 0.16171875 0.0296875 0.0328125
0 0.115625 0.29296875 0.0203125 0.034375
0 0.234375 0.28984375 0.021875 0.0265625
0 0.28984375 0.3046875 0.025 0.0375
0 0.17734375 0.38515625 0.0296875 0.0421875
0 0.01484375 0.44921875 0.0265625 0.040625
0 0.196875 0.5125 0.034375 0.05
0 0.146875 0.57890625 0.0265625 0.0390625
0 0.1359375 0.67265625 0.0265625 0.0453125
0 0.20078125 0.68828125 0.0234375 0.0359375
0 0.2515625 0.7453125 0.028125 0.0390625
0 0.27734375 0.953125 0.0453125 0.059375
0 0.2796875 0.85546875 0.03125 0.0296875
0 0.20390625 0.84140625 0.015625 0.028125
0 0.446875 0.9 0.0296875 0.0421875
0 0.32890625 0.834375 0.0203125 0.03125
0 0.34453125 0.66484375 0.034375 0.0453125
0 0.41171875 0.33515625 0.021875 0.034375
0 0.39921875 0.0203125 0.0171875 0.021875
0 0.49765625 0.13984375 0.0203125 0.03125
0 0.55546875 0.0546875 0.0328125 0.0375
0 0.60546875 0.20078125 0.034375 0.05
0 0.53046875 0.3625 0.0265625 0.0296875
0 0.5109375 0.43515625 0.021875 0.0375
0 0.5359375 0.56015625 0.03125 0.0453125
0 0.63125 0.4734375 0.0390625 0.053125
0 0.55859375 0.48125 0.0203125 0.0265625
0 0.590625 0.58125 0.025 0.0390625
0 0.48203125 0.7 0.0140625 0.0234375
0 0.678125 0.77734375 0.028125 0.040625
0 0.62265625 0.8640625 0.0375 0.05
0 0.81796875 0.665625 0.0390625 0.0546875
0 0.73359375 0.7109375 0.040625 0.0625
0 0.575 0.67734375 0.0203125 0.0359375
0 0.8328125 0.8453125 0.034375 0.0453125
0 0.83515625 0.93203125 0.0234375 0.0359375
0 0.834375 0.54296875 0.03125 0.0421875
0 0.97109375 0.871875 0.028125 0.0359375
0 0.83046875 0.278125 0.0375 0.0546875
0 0.6953125 0.23828125 0.0203125 0.034375
0 0.67734375 0.20078125 0.0296875 0.0453125
0 0.67109375 0.2390625 0.0140625 0.0203125
0 0.6765625 0.28359375 0.0125 0.0234375
0 0.73203125 0.04453125 0.025 0.03125
0 0.63671875 0.09375 0.0234375 0.0296875
0 0.53984375 0.15390625 0.015625 0.021875
0 0.5796875 0.14609375 0.0140625 0.0171875
0 0.69375 0.121875 0.0265625 0.0390625
0 0.76875 0.121875 0.0234375 0.04375
0 0.75703125 0.23828125 0.0234375 0.0296875
0 0.78203125 0.209375 0.0203125 0.034375
0 0.88828125 0.18984375 0.028125 0.0359375
0 0.8890625 0.278125 0.0171875 0.028125
0 0.875 0.35078125 0.0234375 0.040625
0 0.8625 0.009375 0.05625 0.01875
0 0.925 0.34765625 0.0234375 0.03125
0 0.98046875 0.42109375 0.0203125 0.03125
0 0.96796875 0.43828125 0.021875 0.0421875
0 0.990625 0.50625 0.01875 0.05625
0 0.9546875 0.58671875 0.0296875 0.0328125
0 0.95625 0.73984375 0.028125 0.05
0 0.9171875 0.8078125 0.01875 0.0296875
0 0.87890625 0.64140625 0.01875 0.0296875
0 0.9125 0.434375 0.0234375 0.034375
0 0.728125 0.428125 0.025 0.0328125
0 0.8015625 0.04375 0.0171875 0.0296875
0 0.846875 0.08203125 0.021875 0.0359375
0 0.7078125 0.91875 0.021875 0.0265625