0 0.1953125 0.1265625 0.028125 0.0546875
0 0.29375 0.40625 0.025 0.05
0 0.24921875 0.63515625 0.028125 0.0640625
0 0.046875 0.64609375 0.0234375 0.05
0 0.16328125 0.7953125 0.01875 0.053125
0 0.2 0.721875 0.0171875 0.0453125
0 0.30390625 0.70703125 0.0265625 0.0578125
0 0.50078125 0.2734375 0.028125 0.05
0 0.53359375 0.37109375 0.0203125 0.0390625
0 0.56796875 0.28125 0.0171875 0.0421875
0 0.6828125 0.31953125 0.028125 0.0453125
0 0.6375 0.36640625 0.021875 0.0421875
0 0.621875 0.48515625 0.028125 0.0546875
0 0.59609375 0.55234375 0.01875 0.0328125
0 0.63671875 0.51953125 0.03125 0.053125
0 0.7265625 0.1640625 0.0171875 0.0359375
0 0.8171875 0.08125 0.0359375 0.0625
0 0.86640625 0.08046875 0.0234375 0.0484375
0 0.90546875 0.1203125 0.0234375 0.0390625
0 0.88125 0.334375 0.03125 0.0609375
0 0.978125 0.221875 0.0171875 0.046875
0 0.9921875 0.30078125 0.015625 0.0421875
0 0.965625 0.61015625 0.0265625 0.04375
0 0.78984375 0.859375 0.0296875 0.05625