0 0.57421875 0.06640625 0.0421875 0.0546875
0 0.60546875 0.328125 0.028125 0.040625
0 0.28828125 0.459375 0.034375 0.0421875
0 0.3765625 0.46171875 0.0328125 0.0359375
0 0.45078125 0.51953125 0.025 0.0359375
0 0.59296875 0.68203125 0.0265625 0.0328125
0 0.63125 0.79765625 0.0203125 0.0328125
0 0.41640625 0.82734375 0.0328125 0.046875
0 0.0328125 0.78203125 0.03125 0.0484375
0 0.1796875 0.73828125 0.0265625 0.0328125
0 0.1125 0.5625 0.025 0.034375
0 0.10859375 0.2625 0.028125 0.0453125
0 0.19609375 0.25078125 0.0375 0.046875
0 0.80234375 0.96015625 0.01875 0.0421875
0 0.63203125 0.45 0.009375 0.015625
0 0.2359375 0.95546875 0.0140625 0.01875