0 0.56953125 0.190625 0.08125 0.075
0 0.62109375 0.20859375 0.046875 0.0453125
0 0.6046875 0.36953125 0.05625 0.075
0 0.575 0.32421875 0.0515625 0.065625
0 0.88671875 0.115625 0.034375 0.040625
0 0.9015625 0.06875 0.04375 0.0515625
0 0.3796875 0.384375 0.05 0.0640625
0 0.8078125 0.571875 0.05 0.0640625
0 0.98046875 0.36875 0.025 0.0578125
0 0.4328125 0.60078125 0.0578125 0.0609375
0 0.784375 0.82734375 0.05 0.0546875
0 0.75546875 0.784375 0.040625 0.053125
0 0.8 0.7640625 0.0578125 0.0703125
0 0.69921875 0.84140625 0.0578125 0.0578125
0 0.5296875 0.8171875 0.0375 0.05
0 0.1421875 0.94609375 0.053125 0.059375
0 0.05546875 0.59609375 0.0453125 0.0515625
0 0.33203125 0.353125 0.0734375 0.0671875
0 0.24921875 0.35859375 0.059375 0.053125
0 0.02578125 0.15234375 0.0515625 0.0453125
0 0.49296875 0.79609375 0.065625 0.0578125
0 0.6609375 0.1703125 0.05 0.040625
0 0.5328125 0.13671875 0.0328125 0.0453125