0 0.36484375 0.42578125 0.028125 0.0359375
0 0.190625 0.51015625 0.034375 0.0390625
0 0.38828125 0.54921875 0.025 0.0359375
0 0.60859375 0.53828125 0.025 0.0328125
0 0.56953125 0.54453125 0.0234375 0.028125
0 0.56796875 0.609375 0.021875 0.0234375
0 0.85078125 0.73671875 0.021875 0.0234375
0 0.53984375 0.87890625 0.01875 0.015625
0 0.0578125 0.86640625 0.025 0.028125
0 0.1359375 0.92578125 0.015625 0.0203125
0 0.1921875 0.92578125 0.021875 0.0234375
0 0.88359375 0.096875 0.028125 0.0375
0 0.33671875 0.0578125 0.03125 0.0328125
0 0.08671875 0.40625 0.03125 0.0390625
0 0.159375 0.59453125 0.0203125 0.025
0 0.61171875 0.40078125 0.03125 0.034375
0 0.5984375 0.35390625 0.03125 0.025