0 0.44140625 0.1953125 0.0234375 0.0421875
0 0.5125 0.078125 0.0140625 0.028125
0 0.38125 0.028125 0.0234375 0.0515625
0 0.38515625 0.17890625 0.0125 0.0203125
0 0.26640625 0.30078125 0.0203125 0.03125
0 0.26015625 0.1671875 0.0203125 0.0328125
0 0.2296875 0.1640625 0.0140625 0.025
0 0.178125 0.08203125 0.025 0.040625
0 0.1734375 0.25859375 0.0203125 0.03125
0 0.8609375 0.71953125 0.025 0.0390625
0 0.8890625 0.796875 0.0171875 0.034375
0 0.4578125 0.9375 0.0296875 0.0625
0 0.43671875 0.77265625 0.0171875 0.03125
0 0.3359375 0.7625 0.01875 0.034375
0 0.13671875 0.68125 0.021875 0.0359375
0 0.24140625 0.709375 0.0171875 0.0265625
0 0.271875 0.5859375 0.0125 0.021875
0 0.3015625 0.53515625 0.0234375 0.04375
0 0.16640625 0.4859375 0.0234375 0.0296875
0 0.10859375 0.2640625 0.0265625 0.0375
0 0.58671875 0.7828125 0.0140625 0.0234375
0 0.6640625 0.82734375 0.0203125 0.034375
0 0.36015625 0.3609375 0.028125 0.053125
0 0.56953125 0.35546875 0.0234375 0.040625
0 0.60390625 0.38515625 0.025 0.05
0 0.8328125 0.61484375 0.0140625 0.025
0 0.31640625 0.01953125 0.0125 0.0234375
0 0.53359375 0.0953125 0.0109375 0.021875
0 0.4171875 0.703125 0.0140625 0.0234375
0 0.0125 0.39609375 0.0078125 0.01875
0 0.9859375 0.48046875 0.0140625 0.0234375
0 0.9984375 0.478125 0.003125 0.028125
0 0.99453125 0.52265625 0.0109375 0.0234375
0 0.6140625 0.8328125 0.0125 0.025
0 0.671875 0.90078125 0.0140625 0.021875