0 0.04921875 0.071875 0.021875 0.01875
0 0.1421875 0.08671875 0.034375 0.0328125
0 0.2265625 0.06328125 0.021875 0.021875
0 0.30859375 0.1296875 0.034375 0.028125
0 0.2796875 0.2359375 0.025 0.021875
0 0.1875 0.26484375 0.028125 0.025
0 0.053125 0.33671875 0.0296875 0.0234375
0 0.27734375 0.2953125 0.0234375 0.021875
0 0.6125 0.1640625 0.0375 0.028125
0 0.43671875 0.2859375 0.0421875 0.03125
0 0.3921875 0.24453125 0.0234375 0.0234375
0 0.4421875 0.1109375 0.0203125 0.0203125
0 0.503125 0.6203125 0.03125 0.0265625
0 0.778125 0.63359375 0.0328125 0.03125
0 0.40859375 0.8109375 0.0296875 0.028125
0 0.65390625 0.740625 0.0375 0.0296875
0 0.6484375 0.7640625 0.0265625 0.0234375
0 0.70625 0.746875 0.0296875 0.0203125
0 0.7921875 0.7546875 0.0359375 0.028125
0 0.5203125 0.83671875 0.025 0.0203125
0 0.4578125 0.86953125 0.025 0.0234375
0 0.51640625 0.521875 0.0234375 0.01875
0 0.41484375 0.46796875 0.0265625 0.025
0 0.6875 0.4421875 0.028125 0.025
0 0.57890625 0.43046875 0.0265625 0.025
0 0.5125 0.44375 0.0296875 0.021875
0 0.853125 0.471875 0.0203125 0.0234375
0 0.1359375 0.1734375 0.028125 0.0203125
0 0.01484375 0.1203125 0.01875 0.0171875
0 0.33828125 0.05546875 0.0171875 0.0171875
0 0.41171875 0.025 0.025 0.0203125
0 0.38359375 0.09453125 0.0265625 0.0203125
0 0.2390625 0.1328125 0.01875 0.0171875
0 0.24609375 0.16640625 0.025 0.021875
0 0.4421875 0.18828125 0.021875 0.01875
0 0.4734375 0.14453125 0.01875 0.0171875
0 0.48671875 0.07734375 0.028125 0.025
0 0.534375 0.03984375 0.0203125 0.0171875
0 0.48984375 0.00703125 0.0171875 0.0140625
0 0.459375 0.0375 0.015625 0.0140625
0 0.58046875 0.034375 0.0234375 0.0171875
0 0.5703125 0.00703125 0.01875 0.0140625
0 0.61484375 0.0796875 0.0265625 0.0234375
0 0.6609375 0.109375 0.01875 0.01875
0 0.553125 0.13046875 0.021875 0.0171875
0 0.7890625 0.06171875 0.0203125 0.01875
0 0.8296875 0.10078125 0.0265625 0.0203125
0 0.8265625 0.1359375 0.0265625 0.0234375
0 0.83125 0.0265625 0.0296875 0.028125
0 0.67734375 0.2203125 0.0203125 0.025
0 0.596875 0.53125 0.0234375 0.025
0 0.6109375 0.634375 0.01875 0.0171875
0 0.49765625 0.559375 0.021875 0.0171875
0 0.4421875 0.6265625 0.0234375 0.01875
0 0.21328125 0.8078125 0.021875 0.0171875
0 0.16796875 0.78125 0.01875 0.01875
0 0.16640625 0.69453125 0.0203125 0.01875
0 0.39453125 0.58515625 0.021875 0.0171875
0 0.24765625 0.49453125 0.0203125 0.0203125
0 0.55234375 0.9359375 0.0234375 0.01875
0 0.3578125 0.92734375 0.01875 0.0171875
0 0.41171875 0.97109375 0.028125 0.01875
0 0.59921875 0.7828125 0.0265625 0.0203125
0 0.69921875 0.8140625 0.0203125 0.015625
0 0.95859375 0.81875 0.021875 0.01875
0 0.76171875 0.7234375 0.0203125 0.015625
0 0.75625 0.79609375 0.0171875 0.0171875
0 0.69296875 0.63671875 0.0265625 0.021875
0 0.646875 0.54609375 0.01875 0.0203125
0 0.67421875 0.52421875 0.0203125 0.01875
0 0.76796875 0.5109375 0.01875 0.0171875
0 0.61796875 0.328125 0.0265625 0.0171875
0 0.08671875 0.29765625 0.01875 0.0125
0 0.75078125 0.05 0.021875 0.0140625