0 0.64140625 0.4265625 0.028125 0.034375
0 0.80703125 0.5109375 0.0328125 0.0375
0 0.61640625 0.5453125 0.025 0.034375
0 0.40625 0.53125 0.0234375 0.03125
0 0.44296875 0.53671875 0.0234375 0.028125
0 0.44375 0.59921875 0.021875 0.0234375
0 0.17109375 0.715625 0.021875 0.021875
0 0.46640625 0.8578125 0.0171875 0.015625
0 0.928125 0.85390625 0.0234375 0.028125
0 0.85234375 0.909375 0.015625 0.0203125
0 0.7984375 0.909375 0.021875 0.0234375
0 0.8140625 0.99296875 0.01875 0.0140625
0 0.15 0.10234375 0.028125 0.0359375
0 0.02109375 0.15625 0.009375 0.028125
0 0.67421875 0.0734375 0.0296875 0.03125
0 0.90859375 0.41328125 0.03125 0.0375
0 0.83515625 0.5921875 0.01875 0.025
0 0.40625 0.3984375 0.03125 0.0328125
0 0.41953125 0.353125 0.0296875 0.025