0 0.1671875 0.24296875 0.02421875 0.0296875
0 0.4140625 0.0953125 0.0203125 0.02890625
0 0.75859375 0.0328125 0.065625 0.06171875
0 0.709375 0.153125 0.01796875 0.02421875
0 0.6421875 0.25625 0.01875 0.0265625
0 0.978125 0.0203125 0.0140625 0.01875
0 0.484375 0.44921875 0.03046875 0.0453125
0 0.3875 0.4171875 0.025 0.04375
0 0.43828125 0.31875 0.03046875 0.0453125
0 0.37265625 0.3265625 0.0234375 0.03203125
0 0.02734375 0.0703125 0.0203125 0.0234375
0 0.09453125 0.75546875 0.01875 0.03359375
0 0.321875 0.56796875 0.0171875 0.025
0 0.35859375 0.5546875 0.01484375 0.02578125
0 0.3265625 0.703125 0.01484375 0.0265625
0 0.365625 0.7875 0.01328125 0.02109375
0 0.371875 0.85 0.015625 0.021875
0 0.02265625 0.96796875 0.01328125 0.0234375
0 0.2296875 0.953125 0.0171875 0.02890625
0 0.690625 0.95703125 0.0265625 0.0421875
0 0.51640625 0.7625 0.0234375 0.028125
0 0.9375 0.8734375 0.02890625 0.04140625
0 0.50859375 0.615625 0.03515625 0.05546875
0 0.128125 0.78828125 0.01484375 0.03359375
0 0.65 0.46953125 0.02578125 0.0359375
0 0.77578125 0.90859375 0.0265625 0.0359375
0 0.6 0.728125 0.021875 0.021875
0 0.1421875 0.80625 0.0234375 0.03984375
0 0.7125 0.4515625 0.01796875 0.0203125
0 0.684375 0.48828125 0.0125 0.02578125
0 0.70703125 0.4890625 0.01328125 0.02421875
0 0.70625 0.55625 0.02109375 0.01796875
0 0.70625 0.58984375 0.02109375 0.028125
0 0.73671875 0.71484375 0.01875 0.02109375
0 0.775 0.72890625 0.0171875 0.02578125
0 0.86484375 0.96328125 0.01640625 0.028125
0 0.55703125 0.8171875 0.02109375 0.0328125
0 0.56171875 0.8484375 0.01796875 0.01953125
0 0.165625 0.26796875 0.01953125 0.01953125
0 0.18359375 0.31328125 0.0125 0.01796875
0 0.69609375 0.26171875 0.01953125 0.02109375
0 0.690625 0.2921875 0.02265625 0.01640625