0 0.1359375 0.0546875 0.01875 0.01875
0 0.08828125 0.08984375 0.01875 0.0296875
0 0.30546875 0.38125 0.0234375 0.0390625
0 0.56484375 0.12890625 0.03125 0.0453125
0 0.44453125 0.146875 0.015625 0.025
0 0.490625 0.3609375 0.0203125 0.03125
0 0.6828125 0.34921875 0.021875 0.0359375
0 0.8578125 0.06875 0.0140625 0.028125
0 0.63046875 0.57109375 0.0296875 0.046875
0 0.778125 0.453125 0.015625 0.0296875
0 0.79375 0.834375 0.0234375 0.0375
0 0.42421875 0.8140625 0.0171875 0.025
0 0.99140625 0.7109375 0.0171875 0.0296875
0 0.9890625 0.88828125 0.021875 0.0453125
0 0.83828125 0.51328125 0.0125 0.021875
0 0.9078125 0.5515625 0.0109375 0.021875
0 0.6328125 0.1609375 0.015625 0.021875