0 0.45546875 0.06015625 0.015625 0.02734375
0 0.40703125 0.11328125 0.0171875 0.03125
0 0.37578125 0.04765625 0.01640625 0.02265625
0 0.34375 0.13515625 0.0171875 0.02890625
0 0.24765625 0.11015625 0.01796875 0.0265625
0 0.084375 0.0390625 0.01640625 0.02734375
0 0.153125 0.0265625 0.02109375 0.0296875
0 0.13046875 0.15234375 0.015625 0.02578125
0 0.22578125 0.209375 0.01484375 0.02578125
0 0.11953125 0.2328125 0.01328125 0.025
0 0.1734375 0.24609375 0.02109375 0.0265625
0 0.35703125 0.1953125 0.0125 0.03203125
0 0.415625 0.18359375 0.01640625 0.03046875
0 0.19453125 0.15234375 0.02421875 0.02578125
0 0.209375 0.278125 0.01484375 0.03046875
0 0.31953125 0.29375 0.0171875 0.02109375
0 0.36875 0.31640625 0.01796875 0.03203125
0 0.25234375 0.371875 0.02109375 0.0359375
0 0.09296875 0.403125 0.01953125 0.03515625
0 0.24921875 0.48984375 0.025 0.0421875
0 0.028125 0.66640625 0.025 0.03984375
0 0.19296875 0.5421875 0.01953125 0.034375
0 0.16796875 0.62578125 0.01875 0.0390625
0 0.225 0.65 0.0171875 0.0296875
0 0.26171875 0.71015625 0.0203125 0.03203125
0 0.25234375 0.903125 0.03359375 0.05
0 0.26953125 0.81484375 0.025 0.0234375
0 0.20234375 0.78984375 0.0109375 0.0234375
0 0.415625 0.88125 0.02109375 0.03515625
0 0.31875 0.803125 0.0140625 0.02734375
0 0.36015625 0.6515625 0.0265625 0.03828125
0 0.475 0.3640625 0.015625 0.02890625
0 0.5171875 0.07421875 0.01484375 0.0234375
0 0.58515625 0.2 0.015625 0.02578125
0 0.640625 0.0625 0.01953125 0.0328125
0 0.653125 0.13203125 0.02578125 0.03046875
0 0.67421875 0.27265625 0.025 0.04140625
0 0.58046875 0.40703125 0.0203125 0.02421875
0 0.55 0.4703125 0.01484375 0.03359375
0 0.553125 0.58828125 0.02265625 0.03828125
0 0.65390625 0.52421875 0.0296875 0.04375
0 0.58671875 0.51953125 0.015625 0.02109375
0 0.6 0.615625 0.0171875 0.03359375
0 0.48046875 0.70546875 0.01015625 0.02109375
0 0.6484375 0.8078125 0.0203125 0.034375
0 0.58359375 0.8765625 0.028125 0.0421875
0 0.79453125 0.728125 0.0296875 0.04609375
0 0.71015625 0.75546875 0.02890625 0.053125
0 0.5703125 0.7 0.0140625 0.03125
0 0.77890625 0.89375 0.02578125 0.03828125
0 0.76953125 0.98125 0.01875 0.03671875
0 0.8296875 0.6203125 0.02265625 0.03515625
0 0.9015625 0.93984375 0.02109375 0.03046875
0 0.98203125 0.8390625 0.02734375 0.0546875
0 0.86875 0.37890625 0.0265625 0.04609375
0 0.75078125 0.32109375 0.01328125 0.0296875
0 0.74140625 0.284375 0.021875 0.0390625
0 0.7296875 0.31796875 0.01015625 0.0171875
0 0.7265625 0.359375 0.00859375 0.0203125
0 0.81171875 0.0265625 0.01796875 0.01796875
0 0.75625 0.075 0.0171875 0.03203125
0 0.78359375 0.02578125 0.0234375 0.04375
0 0.8171875 0.15078125 0.01875 0.0265625
0 0.72109375 0.18046875 0.01875 0.025
0 0.62265625 0.2203125 0.01171875 0.01875
0 0.659375 0.21953125 0.0109375 0.01484375
0 0.76875 0.21484375 0.01875 0.034375
0 0.8375 0.22734375 0.015625 0.03828125
0 0.8078125 0.33125 0.01796875 0.025
0 0.83515625 0.30859375 0.0140625 0.03046875
0 0.9359375 0.3078125 0.02109375 0.02890625
0 0.9234375 0.38828125 0.0125 0.025
0 0.89765625 0.4515625 0.01484375 0.0359375
0 0.85625 0.07421875 0.02421875 0.034375
0 0.90703125 0.09609375 0.01484375 0.0265625
0 0.946875 0.115625 0.04140625 0.06328125
0 0.9828125 0.0484375 0.01484375 0.0265625
0 0.9484375 0.01875 0.01484375 0.01640625
0 0.8953125 0.01484375 0.03359375 0.02734375
0 0.94453125 0.45703125 0.0171875 0.0265625
0 0.98359375 0.53203125 0.0140625 0.02734375
0 0.96953125 0.54609375 0.0140625 0.0375
0 0.98828125 0.61328125 0.0234375 0.04921875
0 0.99140625 0.671875 0.0171875 0.0453125
0 0.9328125 0.678125 0.0234375 0.02578125
0 0.91015625 0.81796875 0.01796875 0.04296875
0 0.8625 0.8734375 0.0125 0.025
0 0.8546875 0.715625 0.0140625 0.02578125
0 0.91875 0.53359375 0.01640625 0.02890625
0 0.75078125 0.4984375 0.01796875 0.02734375
0 0.3296875 0.01796875 0.0109375 0.0203125
0 0.4734375 0.0203125 0.00859375 0.01484375
0 0.5984375 0.0453125 0.021875 0.059375
0 0.88125 0.16171875 0.0125 0.025
0 0.915625 0.203125 0.01484375 0.03046875
0 0.653125 0.940625 0.01640625 0.02109375
0 0.07578125 0.14453125 0.01328125 0.03125
0 0.01484375 0.32265625 0.015625 0.0296875
0 0.03125 0.378125 0.03125 0.02890625
0 0.04296875 0.2046875 0.015625 0.02109375