0 0.18984375 0.1359375 0.0265625 0.053125
0 0.2921875 0.4109375 0.0234375 0.0484375
0 0.25234375 0.63828125 0.02734375 0.06328125
0 0.0515625 0.65234375 0.02265625 0.0484375
0 0.16953125 0.79765625 0.0171875 0.0515625
0 0.2046875 0.72421875 0.01640625 0.04375
0 0.3078125 0.7078125 0.025 0.05703125
0 0.4953125 0.27578125 0.02734375 0.05
0 0.5296875 0.37109375 0.01953125 0.03828125
0 0.56171875 0.2828125 0.0171875 0.04140625
0 0.6765625 0.31875 0.02734375 0.04453125
0 0.6328125 0.365625 0.021875 0.040625
0 0.61953125 0.4828125 0.0265625 0.05390625
0 0.59453125 0.55 0.01875 0.03203125
0 0.634375 0.51640625 0.03046875 0.05234375
0 0.7171875 0.16328125 0.0171875 0.0359375
0 0.80625 0.08046875 0.034375 0.0625
0 0.85546875 0.07890625 0.021875 0.0484375
0 0.89375 0.1171875 0.02265625 0.03828125
0 0.8734375 0.3296875 0.02890625 0.06015625
0 0.96796875 0.21640625 0.015625 0.046875
0 0.9890625 0.296875 0.021875 0.04140625
0 0.96171875 0.60078125 0.0265625 0.04375
0 0.7921875 0.85 0.028125 0.0546875