0 0.228125 0.22578125 0.028125 0.0328125
0 0.48046875 0.1703125 0.0421875 0.046875
0 0.59453125 0.16953125 0.034375 0.040625
0 0.28671875 0.140625 0.0171875 0.021875
0 0.19921875 0.08203125 0.0171875 0.025
0 0.475 0.009375 0.01875 0.01875
0 0.86015625 0.0828125 0.0171875 0.0234375
0 0.78671875 0.59921875 0.0203125 0.028125
0 0.6859375 0.5953125 0.0296875 0.0328125
0 0.21484375 0.4640625 0.034375 0.0375
0 0.40625 0.75546875 0.021875 0.03125
0 0.36875 0.9890625 0.028125 0.021875
0 0.75 0.69765625 0.03125 0.0390625
0 0.90234375 0.68515625 0.0265625 0.034375
0 0.9640625 0.63125 0.021875 0.03125
0 0.89921875 0.8109375 0.03125 0.0375
0 0.8640625 0.875 0.034375 0.0375
0 0.21953125 0.21015625 0.0328125 0.0328125
0 0.36796875 0.34375 0.015625 0.021875
0 0.34921875 0.0703125 0.015625 0.0203125