0 0.19453125 0.1265625 0.02265625 0.04453125
0 0.18671875 0.23828125 0.021875 0.0390625
0 0.2375 0.25 0.021875 0.03828125
0 0.0640625 0.43359375 0.02265625 0.040625
0 0.22421875 0.33125 0.0234375 0.0359375
0 0.29765625 0.2875 0.01953125 0.03671875
0 0.30546875 0.17578125 0.02265625 0.03515625
0 0.3703125 0.1078125 0.01953125 0.03359375
0 0.40078125 0.11328125 0.0171875 0.03203125
0 0.46640625 0.09921875 0.01796875 0.0296875
0 0.3921875 0.23828125 0.02109375 0.034375
0 0.24453125 0.4390625 0.02109375 0.0296875
0 0.32421875 0.384375 0.02109375 0.0296875
0 0.33359375 0.41484375 0.01796875 0.02890625
0 0.44375 0.596875 0.01953125 0.0296875
0 0.384375 0.646875 0.02734375 0.03828125
0 0.4484375 0.32578125 0.0171875 0.03671875
0 0.471875 0.2953125 0.01796875 0.0296875
0 0.4671875 0.32734375 0.01640625 0.02890625
0 0.4859375 0.1515625 0.01796875 0.01953125
0 0.57265625 0.03046875 0.02109375 0.0296875
0 0.553125 0.09140625 0.01875 0.03203125
0 0.5296875 0.171875 0.02421875 0.03359375
0 0.51875 0.21328125 0.01484375 0.0265625
0 0.61328125 0.12734375 0.0171875 0.02890625
0 0.63984375 0.0109375 0.0296875 0.021875
0 0.60234375 0.01015625 0.0234375 0.0203125
0 0.70078125 0.0453125 0.01875 0.03046875
0 0.66328125 0.059375 0.01953125 0.02890625
0 0.64375 0.13984375 0.01953125 0.03125
0 0.69765625 0.19375 0.02109375 0.0296875
0 0.66171875 0.21171875 0.0234375 0.03359375
0 0.5234375 0.29609375 0.01875 0.03125
0 0.55078125 0.29140625 0.01875 0.03125
0 0.58671875 0.3328125 0.01875 0.0296875
0 0.6171875 0.33671875 0.01875 0.0265625
0 0.67265625 0.278125 0.015625 0.025
0 0.69921875 0.29921875 0.01640625 0.028125
0 0.64453125 0.3765625 0.01484375 0.03203125
0 0.696875 0.37265625 0.02109375 0.03671875
0 0.63671875 0.4296875 0.01640625 0.02578125
0 0.6140625 0.4828125 0.0203125 0.03671875
0 0.56484375 0.575 0.0140625 0.028125
0 0.61875 0.584375 0.0171875 0.03203125
0 0.75234375 0.40078125 0.02109375 0.03203125
0 0.803125 0.33984375 0.01796875 0.0296875
0 0.87578125 0.29765625 0.01640625 0.028125
0 0.73125 0.12734375 0.015625 0.0234375
0 0.815625 0.196875 0.01640625 0.03125
0 0.83984375 0.0828125 0.01875 0.03046875
0 0.8453125 0.02890625 0.01484375 0.01875
0 0.840625 0.00703125 0.040625 0.0140625
0 0.9015625 0.0234375 0.01640625 0.0234375
0 0.8828125 0.08359375 0.01875 0.02578125
0 0.8984375 0.115625 0.01640625 0.02265625
0 0.9265625 0.0953125 0.0171875 0.0265625
0 0.9265625 0.1375 0.02265625 0.0265625
0 0.9375 0.22265625 0.0171875 0.028125
0 0.8734375 0.42890625 0.01796875 0.0328125
0 0.9015625 0.45 0.01875 0.0296875
0 0.953125 0.46015625 0.01796875 0.03203125
0 0.809375 0.50625 0.02734375 0.0359375
0 0.69609375 0.52578125 0.0234375 0.03125
0 0.6625 0.534375 0.01796875 0.0265625
0 0.796875 0.55703125 0.01796875 0.03203125
0 0.7625 0.515625 0.021875 0.03828125
0 0.86796875 0.6078125 0.01796875 0.034375
0 0.81875 0.6375 0.01640625 0.034375
0 0.86875 0.67890625 0.01796875 0.0296875
0 0.8984375 0.75078125 0.01875 0.03203125
0 0.775 0.778125 0.01953125 0.0296875
0 0.6734375 0.66796875 0.015625 0.03203125
0 0.54921875 0.7546875 0.021875 0.0328125
0 0.66875 0.7921875 0.02265625 0.03828125
0 0.6328125 0.78515625 0.01328125 0.025
0 0.58125 0.825 0.0203125 0.034375
0 0.5515625 0.8796875 0.0171875 0.0296875
0 0.52734375 0.940625 0.02109375 0.0390625
0 0.63125 0.90234375 0.01796875 0.02578125
0 0.67421875 0.87578125 0.021875 0.0265625
0 0.69765625 0.92578125 0.01484375 0.02578125
0 0.74765625 0.91171875 0.02421875 0.0328125
0 0.81171875 0.93125 0.021875 0.02890625
0 0.8 0.9546875 0.0140625 0.0265625
0 0.88828125 0.85390625 0.01484375 0.028125
0 0.90078125 0.83828125 0.01484375 0.025