0 0.1125 0.11328125 0.028125 0.0296875
0 0.38984375 0.14140625 0.03125 0.034375
0 0.090625 0.49140625 0.0265625 0.0265625
0 0.0421875 0.725 0.0265625 0.021875
0 0.109375 0.84140625 0.0203125 0.01875
0 0.309375 0.92265625 0.025 0.0203125
0 0.4859375 0.71640625 0.05 0.0421875
0 0.7296875 0.86328125 0.0546875 0.040625
0 0.6953125 0.92890625 0.0171875 0.0109375
0 0.28359375 0.5640625 0.028125 0.025
0 0.88515625 0.13515625 0.046875 0.0359375
0 0.95546875 0.62890625 0.0234375 0.0234375
0 0.82890625 0.6140625 0.01875 0.015625
0 0.628125 0.41484375 0.0125 0.025
0 0.59296875 0.5671875 0.021875 0.0140625