0 0.09140625 0.171875 0.06875 0.06875
0 0.240625 0.16796875 0.0703125 0.06875
0 0.24921875 0.221875 0.053125 0.0671875
0 0.309375 0.2921875 0.0546875 0.0625
0 0.12109375 0.38203125 0.046875 0.06875
0 0.28984375 0.509375 0.0375 0.053125
0 0.36953125 0.50234375 0.05625 0.059375
0 0.2734375 0.55703125 0.04375 0.0546875
0 0.2171875 0.88359375 0.071875 0.0703125
0 0.50078125 0.78125 0.059375 0.071875
0 0.5296875 0.840625 0.0546875 0.065625
0 0.659375 0.81015625 0.0421875 0.06875
0 0.8453125 0.76953125 0.0328125 0.0484375
0 0.90546875 0.740625 0.046875 0.08125
0 0.90703125 0.8640625 0.0375 0.0484375
0 0.9546875 0.621875 0.04375 0.071875
0 0.96171875 0.48671875 0.0546875 0.0578125
0 0.6265625 0.4953125 0.0453125 0.0609375
0 0.590625 0.365625 0.040625 0.0609375
0 0.7796875 0.3078125 0.04375 0.04375
0 0.8609375 0.40234375 0.034375 0.053125
0 0.8859375 0.365625 0.0484375 0.0421875
0 0.89921875 0.40859375 0.0421875 0.04375
0 0.7171875 0.075 0.040625 0.0359375
0 0.0203125 0.11015625 0.040625 0.0484375
0 0.034375 0.19140625 0.06875 0.1109375
0 0.81796875 0.82265625 0.0734375 0.0890625
0 0.6390625 0.35078125 0.034375 0.0421875
0 0.684375 0.27265625 0.0375 0.04375
0 0.63125 0.05703125 0.0484375 0.0421875