0 0.4078125 0.1265625 0.01640625 0.01171875
0 0.40546875 0.13828125 0.01171875 0.0125
2 0.221875 0.37109375 0.06015625 0.05703125
0 0.03984375 0.36640625 0.0125 0.0109375
0 0.11953125 0.3453125 0.01015625 0.0109375
0 0.20703125 0.3328125 0.00703125 0.00703125
0 0.24609375 0.30390625 0.0078125 0.0078125
0 0.2546875 0.259375 0.0078125 0.00859375
0 0.28671875 0.21328125 0.009375 0.01015625
0 0.47890625 0.07890625 0.009375 0.01015625
2 0.08203125 0.0890625 0.05078125 0.05703125
0 0.11796875 0.13046875 0.00859375 0.00703125
0 0.14765625 0.015625 0.0125 0.01015625
0 0.434375 0.578125 0.00703125 0.01015625
0 0.628125 0.51953125 0.0109375 0.01328125
2 0.378125 0.5625 0.05703125 0.05234375
2 0.32109375 0.44921875 0.0578125 0.0484375
2 0.034375 0.17421875 0.03828125 0.04453125
2 0.059375 0.4203125 0.0375 0.04296875