0 0.46796875 0.125 0.01875 0.0140625
0 0.4640625 0.1375 0.0140625 0.0140625
2 0.24296875 0.3640625 0.0703125 0.0671875
0 0.05 0.3390625 0.0140625 0.0125
0 0.1375 0.325 0.0125 0.0125
0 0.23125 0.321875 0.0078125 0.0078125
0 0.2765625 0.2953125 0.009375 0.009375
0 0.290625 0.24921875 0.009375 0.009375
0 0.3296875 0.20390625 0.0109375 0.0125
0 0.5484375 0.0828125 0.0109375 0.0125
2 0.1265625 0.05 0.0609375 0.065625
0 0.159375 0.09765625 0.009375 0.0078125
0 0.4453125 0.60703125 0.0078125 0.0109375
0 0.65703125 0.56640625 0.0125 0.015625
2 0.3875 0.58515625 0.0671875 0.0625
2 0.33984375 0.45703125 0.0671875 0.0578125
2 0.06640625 0.13359375 0.0453125 0.0515625
2 0.065625 0.39765625 0.0453125 0.05