0 0.55703125 0.12578125 0.0171875 0.0125
0 0.56015625 0.1375 0.0125 0.0140625
2 0.76640625 0.3640625 0.0671875 0.0625
0 0.95390625 0.346875 0.0140625 0.0125
0 0.86953125 0.3296875 0.0109375 0.0109375
0 0.77890625 0.32421875 0.0078125 0.0078125
0 0.73671875 0.29609375 0.009375 0.0078125
0 0.72421875 0.2515625 0.009375 0.009375
0 0.6875 0.20625 0.009375 0.0109375
0 0.48046875 0.08125 0.0109375 0.0109375
2 0.88984375 0.0640625 0.05625 0.0625
0 0.85546875 0.10859375 0.009375 0.0078125
0 0.5625 0.59296875 0.0078125 0.0109375
0 0.359375 0.54609375 0.0125 0.0140625
2 0.61953125 0.57265625 0.0625 0.059375
2 0.66953125 0.4515625 0.0640625 0.0546875
2 0.9453125 0.14765625 0.0421875 0.0484375
2 0.9375 0.403125 0.0421875 0.046875